x0|2,6,8,11,14,21,23,24,25,30,31,34,35,46,50
x1|3,22,23,24,27,38,39,42,45
x2|3,6,18,24,30,34,40,41,47,49
x3|1,2,3,6,8,10,15,24,25,37,48,50
x4|2,6,15,19,23,39,40,44,45
x5|1,3,4,10,11,21,26,30,31,32,35,47,49,50
x6|1,3,10,14,18,20,21,24,25,29,30,31,50
x7|4,19,20,23,26,27,34,39,41
x8|2,3,9,16,20,22,36,37,41,46,47
x9|1,4,5,11,20,21,25,26,28,32,46,47
x10|2,4,13,17,18,23,31,36,41,45
x11|2,9,10,12,14,16,17,19,23,31,39,43,44,50
x12|9,18,19,20,23,32,33,38,45
x13|1,13,15,27,29,37,46,47,48
x14|1,6,7,10,12,15,17,29,32,34,35,49
x15|1,5,13,16,19,20,24,25,29,30,34,42,43,44,49
x16|1,3,12,13,18,19,22,24,25,29,35,39,48,50
x17|2,6,18,24,28,32,33,35,38,44
x18|10,11,20,30,31,33,39,50
x19|3,27,30,31,32,33,34,36,43,45,48,50
x20|1,3,8,12,17,21,33,39,44,45
x21|3,4,13,16,21,26,30,32,35,41,48
x22|8,13,17,22,43,44,47
x23|5,6,20,30,33,40,50
x24|1,18,22,24,30,32,50
x25|3,5,14,16,19,24,25,31,35,36,40,41
x26|2,3,9,13,14,22,24,37,44
x27|1,3,6,9,11,13,19,27,35,40
x28|1,7,16,22,26,35,40,42,49
x29|1,3,9,15,19,22,28,34,43,44,45,46
x30|3,4,7,10,12,19,20,29,35,37,40,41,43,47,50
x31|3,8,13,15,16,37,41,43,44,46
x32|10,16,18,20,21,24,32,34,37,47
x33|5,11,19,48
x34|1,3,5,7,11,13,14,36,42,43,44,47,48,49
x35|1,2,8,9,10,16,20,21,26,28,49
x36|2,3,11,15,23,30,33,38,40,41,45,47
x37|2,7,17,21,26,28,29,33,35,41,43,45,47
x38|1,4,18,23,24,25,32,36
x39|4,6,13,15,19,21,22,27,31,40,43,44,46
x40|2,12,16,25,31,35,36,41,45
x41|2,8,13,19,21,23,26,34,41,50
x42|1,4,6,8,9,14,16,23,25,33,40,41,48
x43|1,5,14,21,28,31,32,43,44,45,46,49
x44|1,6,8,16,26,31,32,34,37,44
x45|8,24,30,32,34,35,38,39,40,45,49
x46|3,7,29,32,37,40,44,45,46,49
x47|5,11,12,16,17,28,34,39,40
x48|11,15,27,28,32,36,41
x49|4,6,10,11,14,15,17,18,19,41,42,47,50
LEq|x48,x28
LEq|x17,x33
NEq|x47,x12
LEq|x3,x14
LEq|x17,x20
LEq|x17,x42
NEq|x42,x20
NEq|x3,x48
NEq|x32,x1
NEq|x4,x30
NEq|x44,x15
LEq|x17,x28
NEq|x9,x21
LEq|x38,x1
LEq|x44,x34
NEq|x1,x23
NEq|x33,x45
LEq|x1,x41
NEq|x13,x8
NEq|x6,x3
LEq|x35,x28
NEq|x22,x11
NEq|x32,x26
LEq|x3,x41
LEq|x4,x15
LEq|x18,x29
NEq|x49,x3
LEq|x42,x41
NEq|x21,x23
NEq|x22,x30
LEq|x38,x13
NEq|x48,x49
NEq|x30,x2
LEq|x1,x18
NEq|x48,x38
LEq|x44,x42
LEq|x13,x45
LEq|x0,x1
LEq|x44,x20
LEq|x22,x0
NEq|x31,x15
NEq|x49,x36
LEq|x30,x8
NEq|x11,x39
LEq|x19,x2
LEq|x16,x45
NEq|x29,x19
LEq|x36,x33
LEq|x3,x10
NEq|x25,x29
