x0|3,5,11,13,17,18,24,28,30,37,42
x1|1,7,8,10,11,13,14,23,40,46
x2|2,6,9,11,20,23,37,38,48,50
x3|10,18,32,36,40,41,45,47,49
x4|1,4,13,18,19,20,22,25,35,43
x5|4,11,20,22,23,24,31,33,36,41,47
x6|1,5,14,24,25,27,28,34,37,38,40,45
x7|2,3,12,15,23,25,29,34,39,42,43,48,50
x8|2,9,13,14,17,19,22,25,27,34,46
x9|1,5,6,8,9,18,19,21,26,30,35,40,45
x10|2,3,4,19,21,24,28,29,32,33,43,49
x11|1,2,7,10,16,21,23,27,28,31,36,46
x12|2,3,6,7,10,12,23,26,32,38,44,48
x13|1,2,10,13,18,20,21,24,33,46,48
x14|3,5,8,12,14,18,21,28,29,33,34,41,43,48,49
x15|2,5,11,21,32,34,35,36,50
x16|3,8,16,18,24,30,49
x17|1,10,20,24,32,33,34,37,47
x18|2,3,4,7,14,16,21,24,26,46,49,50
x19|2,11,16,17,20,21,25,26,32,38,49
x20|2,3,4,6,14,15,24,28,29,30,47
x21|4,8,9,12,23,26,38,39,42,48
x22|1,6,8,17,20,21,35,36,38,41,46
x23|1,5,13,14,27,31,32,33,34,46
x24|2,8,10,15,16,24,31,36,37,38,43,44,45
x25|1,2,5,6,8,22,35,36,37,38,42
x26|2,3,7,8,10,16,19,23,28,29,31,32,49
x27|2,12,13,19,23,24,28,35,36,37,40,46,48
x28|4,6,24,26,27,33,37,45,50
x29|2,8,10,11,13,21,26,28,29,30,39,40,44,46,47
x30|1,6,13,14,19,30,33,35,38,42,43,44,47,48
x31|1,2,3,5,8,20,26,27,41,42
x32|4,11,13,16,35,37,42,46,49
x33|1,3,5,6,10,23,26,34,35,48,50
x34|3,15,23,24,29,31,36,37,38,39,44,45,46,48,49
x35|1,2,6,7,24,38,44,47,48
x36|1,4,9,16,21,26,40,48,50
x37|1,14,37,41,42
x38|2,4,21,22,26,27,31,32,35,36
x39|2,5,8,9,17,25,26,28,30,31,33,34,38,41,47,49
x40|2,7,18,27,33,38,41,42,47,50
x41|1,4,7,10,13,20,26,27,29,30,31,38,39
x42|4,7,10,12,14,25,26,31,33,34,50
x43|5,9,17,23,32,34,37,44,48
x44|1,5,7,9,11,15,22,25,26,28,36,39,42
x45|1,12,14,19,23,24,27,30,33,41
x46|1,2,3,8,10,15,28,34,39,40,49,50
x47|2,6,19,29,34,35,43,45,48
x48|1,7,8,9,11,24,29,37,39,41,42,43
x49|2,7,14,18,28,33,36,39,42,43,46,47
LEq|x28,x41
LEq|x16,x33
LEq|x46,x43
NEq|x14,x28
LEq|x39,x12
NEq|x16,x22
LEq|x21,x7
NEq|x12,x32
NEq|x1,x44
NEq|x42,x33
NEq|x7,x20
LEq|x38,x33
NEq|x18,x44
NEq|x23,x17
LEq|x0,x22
LEq|x15,x46
LEq|x24,x22
LEq|x40,x0
LEq|x35,x29
LEq|x18,x0
LEq|x34,x35
LEq|x15,x31
NEq|x38,x23
NEq|x22,x10
NEq|x41,x25
LEq|x29,x1
NEq|x16,x1
NEq|x10,x41
LEq|x46,x11
NEq|x17,x34
NEq|x46,x36
NEq|x22,x26
NEq|x8,x15
LEq|x21,x12
LEq|x31,x10
LEq|x37,x24
LEq|x12,x33
LEq|x39,x36
LEq|x20,x25
NEq|x44,x29
LEq|x17,x10
LEq|x26,x30
LEq|x22,x43
NEq|x3,x27
LEq|x8,x11
LEq|x44,x19
LEq|x27,x18
LEq|x13,x23
LEq|x7,x0
NEq|x5,x33
