x0|1,2,8,19,36,37,39,47
x1|1,13,14,21,23,32,33,43,47,49
x2|4,8,10,11,16,25,35,39,40,41,43
x3|1,4,9,16,19,23,37,49
x4|12,18,20,21,25,34,36,48
x5|8,10,12,14,21,22,24,27,30,40,47
x6|1,20,21,23,24,25,29,32,34,36
x7|1,6,15,25,26,29,33,41,46,47,48
x8|1,2,10,13,16,17,18,20,31,32,37,46,47,49
x9|2,18,20,23,28,29,33,36,39,40
x10|3,8,16,18,19,27,31,32,33,34,46,48,50
x11|2,3,9,12,14,17,23,25,33,36,38,39,46,49,50
x12|1,12,13,15,18,19,22,31,48
x13|1,13,16,21,30,41,46,48
x14|4,12,17,21,22,23,25,36,39,42,49
x15|1,8,18,22,26,41,44,46,48
x16|1,2,18,21,41,42,49,50
x17|1,4,10,11,17,37,38,45
x18|1,4,5,12,18,23,29,30,33,37,47
x19|1,3,9,13,14,17,21,27,36,38,42
x20|1,13,23,32,43,49,50
x21|1,6,19,20,21,22,28,29,34,37,43,49,50
x22|2,5,10,12,14,20,24,32,34,45
x23|8,11,12,18,21,23,25,33,40,45,49
x24|1,6,8,9,15,16,23,35,42
x25|1,9,11,15,16,17,21,31,39,43,44,45,50
x26|1,2,7,15,22,23,32,37,41,45
x27|1,2,8,10,16,19,20,24,30,31,44,46,48
x28|1,10,12,13,20,21,29,36,48
x29|1,5,9,13,16,19,27,29,31,46,47
x30|3,11,13,16,22,26,36,37,41,43,45
x31|1,3,11,14,20,24,25,41
x32|1,5,11,19,20,23,26,31,32,33,40,47,48
x33|6,12,15,18,25,30,33,34,39,44,47
x34|7,8,13,15,16,20,24,29,39,42,43,47
x35|2,33,34,35,36,38,39,46
x36|2,4,9,17,20,28,29,31,40,41,43
x37|3,5,6,16,18,24,27,28,29,31,35,36,44,47,48
x38|2,6,7,12,13,14,32,37,39,46,47,49
x39|2,5,11,13,14,21,27,32,36,41,45,46,48
x40|1,10,18,21,22,25,31,33,34,37,44,45
x41|1,2,8,10,11,20,21,23,27,31,35,48
x42|5,8,9,15,17,19,25,33,36,39,43,48,50
x43|2,7,10,11,12,15,23,29,49
x44|2,8,9,11,17,23,24,28,33,37,43,47
x45|2,7,12,14,19,26,29,31,32,37,38,45,46,49
x46|2,3,4,7,8,16,23,28,32,35,43,44
x47|5,7,12,13,25,34,40,43,49
x48|1,2,7,12,13,19,23,45
x49|8,29,35,37,38,43,50
NEq|x3,x16
NEq|x17,x1
NEq|x26,x3
LEq|x44,x21
NEq|x11,x18
LEq|x19,x20
NEq|x0,x16
LEq|x43,x13
LEq|x3,x13
LEq|x0,x48
LEq|x26,x31
NEq|x42,x34
LEq|x7,x31
LEq|x25,x49
NEq|x0,x38
NEq|x41,x18
LEq|x19,x27
LEq|x41,x5
NEq|x0,x14
NEq|x47,x15
NEq|x11,x35
LEq|x17,x28
LEq|x24,x0
LEq|x22,x23
NEq|x31,x44
NEq|x38,x29
NEq|x22,x6
LEq|x17,x40
LEq|x5,x48
NEq|x37,x19
NEq|x30,x23
LEq|x0,x41
LEq|x39,x14
NEq|x12,x34
LEq|x46,x27
NEq|x37,x26
NEq|x14,x26
LEq|x7,x33
NEq|x10,x34
LEq|x23,x17
LEq|x49,x30
LEq|x48,x29
LEq|x34,x49
LEq|x8,x19
LEq|x3,x19
NEq|x49,x17
LEq|x27,x28
LEq|x20,x40
NEq|x26,x22
NEq|x44,x20
