x0|2,4,7,8,10,11,17,20,21,22,23,24,25,29,36,37,40,41,43,45,47
x1|3,7,8,12,14,17,25,29,33,35,37,40,43,46
x2|1,2,5,10,11,14,17,30,31,32,41
x3|2,4,5,27,29,35,40,42,47,48,49
x4|3,8,9,11,24,29,31,32,41,42,45,46,49
x5|1,2,7,9,10,13,15,18,23,30,41,43
x6|2,5,6,12,15,17,23,30,35,38,39,43
x7|3,8,11,14,19,24,33,39,42,45
x8|1,4,5,17,20,25,31,35,41,42,45,50
x9|1,3,5,8,11,16,21,26,38,39,40,46,50
x10|2,3,4,7,9,15,25,30,34
x11|3,18,21,28,33,36,40,49
x12|1,11,13,17,24,33,38,50
x13|1,4,10,15,17,20,33,50
x14|1,3,18,29,31,34
x15|2,6,9,11,14,21,30,32,36,42
x16|10,15,24,29,35,36,37,50
x17|2,3,4,9,22,38,47,49
x18|1,6,9,23,24,27,28,36,40,44,45
x19|1,4,8,16,17,25,26,30,37,41,44,46
x20|2,9,12,13,16,21,24,27,29,38,46
x21|4,6,7,11,14,16,18,21,26,42,43,47
x22|4,12,14,29,30,33,41,49
x23|4,5,7,9,13,16,19,20,46,50
x24|3,6,11,12,42,43,44,48
x25|2,4,16,21,28,46,48
x26|4,9,12,15,32,34,39,48
x27|1,7,11,24,32,40
x28|2,3,5,7,14,22,25,33,36,39,41
x29|1,2,11,14,22,23,24,27,30,42,43
x30|2,8,13,14,17,22,23,26,27,28,29,37,39,40,43,50
x31|1,3,15,23,27,30,31,38,43,46
x32|3,8,11,14,16,20,23,28,31,40
x33|1,3,6,14,21,23,26,29,33,45,47
x34|2,3,7,9,17,28,29,32,35,36,38,50
x35|1,3,6,7,20,22,28
x36|6,9,12,14,27,31,33,38
x37|1,3,10,11,21,26,32,35,42,44,47
x38|2,7,8,12,22,30,31,32,36,37,38,45,47,48,49
x39|1,6,10,11,12,14,15,16,18,27,33,45,49
x40|7,18,33,46,49
x41|1,3,5,11,13,17,21,23,26,27,35
x42|2,8,20,23,25,28,31,32,44,49
x43|6,10,14,24,30,35,45
x44|14,15,23,32,44
x45|1,10,17,26,28,32,33,34,37,39,45,46
x46|8,10,18,29,33,34,39,46,48,49
x47|7,10,12,16,28,35,46,47,48
x48|2,8,14,15,19,22,23,28,36,48
x49|4,5,14,21,24,27,31,38,40,45,46,48
LEq|x30,x36
LEq|x13,x0
NEq|x27,x20
LEq|x15,x18
LEq|x22,x39
NEq|x6,x38
LEq|x41,x18
LEq|x18,x20
LEq|x44,x3
LEq|x7,x47
LEq|x0,x34
LEq|x39,x30
NEq|x15,x21
LEq|x28,x1
LEq|x30,x41
NEq|x38,x28
NEq|x18,x10
LEq|x13,x47
LEq|x12,x2
LEq|x1,x4
LEq|x43,x46
LEq|x18,x37
NEq|x6,x4
NEq|x23,x40
LEq|x45,x21
NEq|x44,x19
LEq|x27,x21
NEq|x10,x15
LEq|x48,x33
LEq|x27,x21
LEq|x28,x16
LEq|x3,x12
LEq|x13,x0
NEq|x14,x25
LEq|x42,x12
LEq|x39,x46
NEq|x10,x31
LEq|x26,x14
LEq|x15,x10
LEq|x24,x15
NEq|x30,x42
LEq|x24,x18
LEq|x33,x34
LEq|x32,x47
NEq|x12,x19
LEq|x10,x21
LEq|x3,x39
LEq|x11,x49
LEq|x6,x36
LEq|x8,x12
