x0|2,4,5,11,24,27,28,43,45
x1|1,2,5,8,20,26,30,34
x2|8,15,16,25,30,37,39,46,49
x3|1,8,11,19,31,32,35,45,50
x4|2,5,10,12,16,19,32,35,36,40,41
x5|2,7,13,15,20,31,35,47
x6|2,6,11,12,15,18,20,21,25,29,45,46,48
x7|1,2,4,14,26,28,29,30,31,38,39,43,50
x8|4,5,8,12,18,21,24,25,27,30,33,35,50
x9|1,2,6,11,15,21,28,33,36,49
x10|2,7,27,28,31,34,45,48
x11|1,7,9,14,22,23,24,30,36,45,48
x12|4,6,15,20,21,22,25,26,36,38,45,47,48
x13|1,2,4,10,11,26,29,35,46,49
x14|3,6,8,13,16,24,32,40
x15|6,7,11,12,16,21,27,43,47,49
x16|10,18,20,23,29,38,41
x17|2,10,20,24,26,28,34,47
x18|1,9,11,29,31,38,49
x19|4,5,6,8,19,20,24,27,30,40
x20|1,3,8,15,16,27,29,32,37,41
x21|1,11,18,21,23,25,30,35
x22|4,10,11,15,22,23,24,26,34,50
x23|1,4,8,9,11,12,23,25,27,29,30,43,45
x24|12,19,20,21,32,39,41,47,49,50
x25|1,2,12,15,21,22,28,29,33,39,47,49,50
x26|1,4,7,18,23,25,32,34,37,38,42,48
x27|3,5,14,19,33,35,38,44
x28|1,2,6,8,12,14,15,16,18,20,21,31,47
x29|2,10,16,27,30,34,35,42,46,48
x30|1,6,8,15,28,30,39,40,42,46,48
x31|2,3,4,7,8,10,15,17,18,20,21,24,29,32
x32|7,9,28,32,47
x33|5,11,13,15,20,26,32,35,41,48,49
x34|1,3,16,20,22,29,31,32,35,43,44
x35|3,4,15,25,30,32,33,35,38,45
x36|5,18,24,33,40,45,48
x37|1,3,7,8,22,27,35,38,40
x38|3,4,9,13,25,31,40
x39|2,5,8,16,21,25,26,28,35,37,42,43,49
x40|2,11,13,15,21,24,29,31,33,46,47
x41|2,9,18,22,33,35,36,40,42,48,49
x42|1,8,12,13,23,25,33,34,40,49
x43|1,5,6,9,15,26,28,29,32,44,50
x44|4,7,12,14,19,24,33,39
x45|3,15,17,22,23,28,31,32,40,42,44,49
x46|2,7,13,16,18,23,26,31,32,35,47
x47|1,3,4,5,9,11,13,21,23,26,29
x48|4,5,6,7,10,21,26,27,29,34,49
x49|8,16,20,31,32,33,37,50
NEq|x12,x13
LEq|x34,x19
NEq|x13,x31
LEq|x27,x19
LEq|x32,x25
LEq|x32,x3
LEq|x7,x0
NEq|x25,x1
NEq|x31,x13
NEq|x24,x6
LEq|x1,x22
NEq|x27,x10
NEq|x43,x11
NEq|x46,x49
NEq|x21,x41
NEq|x36,x47
NEq|x11,x40
LEq|x42,x6
NEq|x42,x14
NEq|x31,x47
LEq|x19,x36
LEq|x25,x36
LEq|x0,x45
NEq|x34,x46
LEq|x4,x27
NEq|x16,x30
LEq|x49,x32
NEq|x32,x21
NEq|x29,x27
LEq|x14,x9
LEq|x6,x43
LEq|x26,x41
LEq|x25,x33
LEq|x18,x20
LEq|x19,x9
LEq|x33,x6
LEq|x22,x26
LEq|x18,x6
NEq|x35,x32
NEq|x31,x12
LEq|x22,x46
NEq|x10,x7
LEq|x34,x29
LEq|x40,x18
NEq|x0,x44
LEq|x16,x2
NEq|x26,x23
LEq|x39,x14
NEq|x34,x17
LEq|x2,x47
