x0|2,8,13,14,22,26,30,33,35,44,48
x1|2,4,7,23,25,41,42,43,45,48,49
x2|2,4,7,10,12,24,33,38,44,50
x3|1,6,11,12,13,20,38,41,42,49,50
x4|2,3,7,8,26,32,39,43,45,50
x5|5,6,27,29,35,43,48,49
x6|1,4,15,20,23,28,39,45,48
x7|1,22,24,27,28,37,41,50
x8|2,12,15,16,20,21,27,29,30,31,33,34,39,42,45
x9|4,11,14,15,21,26,28,30,39,49
x10|1,2,8,9,13,21,24,34,35,38,39,40,41,45
x11|1,8,11,28,32,45,50
x12|2,6,11,14,20,21,27,39
x13|2,8,9,11,12,14,22,23,27,30,37,42,48,49,50
x14|1,7,9,14,21,25,27,28,34,35,45
x15|2,18,33,36,38,40,45,48,50
x16|1,2,6,13,18,21,25,31,32,40,42,44,47,50
x17|4,12,15,29,32,35,45
x18|2,4,6,15,22,24,25,30,33,35,44,47
x19|1,5,7,25,36,37,39,40,41,46,48
x20|1,2,4,9,18,22,27,31,32,34,36,40
x21|2,11,18,20,22,26,28,30,41
x22|2,19,34,37,45,50
x23|3,5,10,14,20,28,32,33,44
x24|1,3,10,21,23,24,28
x25|1,5,15,16,27,28,30,32,37,43
x26|1,4,5,14,22,38
x27|2,13,23,26,38,39,42,46,47
x28|1,2,16,17,22,25,33,34,36,47
x29|15,16,24,25,31,36,45
x30|1,3,9,16,21,32,37,40,44,45,50
x31|2,5,6,8,9,18,23,35,40,45
x32|5,6,10,17,19,30,31,33,39,49
x33|1,3,4,8,11,17,19,22,25,32,38,44
x34|11,17,22,25,26,30,33,35,42,46
x35|1,7,11,15,21,29,30,31,36,39
x36|1,3,4,5,7,8,10,20,26,28,29,33,47,48,49
x37|3,4,15,20,24,33,35,39,46,49
x38|1,20,21,22,27,30,43,44,48
x39|2,9,10,14,15,19,23,24,32
x40|6,12,13,20,26,37,39,44,45,46
x41|7,14,20,43,47,48
x42|1,6,9,12,14,24,25,26,28,37,38,39,50
x43|1,9,17,24,33,38,41,46,47
x44|1,12,13,14,19,22,24,30,32,38,43
x45|1,2,4,12,18,20,26,27,30,42,48
x46|1,7,26,31,33,44,46,48
x47|3,10,13,23,25,28,32,34,40,43,50
x48|1,2,8,13,14,23,30,31,44,46,47,49
x49|1,5,6,8,12,16,19,27,35,42,44
LEq|x41,x46
NEq|x49,x39
LEq|x45,x35
NEq|x29,x17
LEq|x30,x4
LEq|x12,x40
LEq|x4,x7
LEq|x9,x40
LEq|x7,x2
NEq|x41,x29
NEq|x30,x40
LEq|x25,x20
NEq|x22,x18
NEq|x31,x4
NEq|x7,x31
LEq|x5,x9
NEq|x43,x20
NEq|x47,x7
LEq|x14,x33
NEq|x38,x28
NEq|x5,x19
NEq|x14,x4
NEq|x42,x30
NEq|x23,x32
NEq|x39,x18
NEq|x12,x26
NEq|x37,x42
NEq|x24,x41
LEq|x20,x11
LEq|x48,x46
LEq|x23,x28
NEq|x7,x1
LEq|x49,x24
NEq|x41,x35
NEq|x40,x13
NEq|x21,x9
LEq|x42,x18
NEq|x9,x21
NEq|x10,x11
NEq|x2,x18
NEq|x2,x14
NEq|x23,x1
NEq|x46,x29
NEq|x4,x7
LEq|x24,x36
NEq|x24,x46
LEq|x29,x10
LEq|x44,x32
NEq|x29,x36
NEq|x23,x15
