x0|2,3,12,14,20,23,31,32,34,48,50
x1|1,5,8,13,33,34,37,38,39,43,45
x2|3,6,14,31,32
x3|4,5,6,7,13,16,19,22,35,44,46,49
x4|7,12,13,21,23,24,27,30,36,45,46
x5|5,11,13,25,27,33,42,46
x6|2,4,5,9,20,28,37,41,49
x7|1,10,11,19,22,26,29,36,37
x8|2,3,11,20,24,26,31,34,35,40,44,46,49,50
x9|1,9,10,12,15,17,19,21,25,32,39,43,48,49
x10|1,7,8,15,19,23,24,28,41,44,48
x11|2,3,10,17,19,24,41,43
x12|2,13,15,21,32,34,36,37,41,44,46,49
x13|4,5,11,22,29,33,39,43,44,48
x14|3,9,16,17,21,31,37,41,49
x15|5,18,19,34,36,40,42
x16|1,9,18,20,33,38,46,50
x17|1,4,5,8,22,26,38,40,41,43,48
x18|4,13,18,20,22,29,42,43,44,46,47,49
x19|2,3,12,21,34,45,49
x20|1,2,10,16,25,26,27,31,36,44,49
x21|2,5,6,22,24,30,34,46,48,50
x22|5,10,13,29,30,35,41,44,48
x23|5,7,15,35,36,37,43,48
x24|3,4,8,21,22,23,32,33,34,44,50
x25|2,10,12,16,17,37,40
x26|5,8,11,12,23,35,45,47,50
x27|3,4,6,18,19,21,24,25,30,46,49
x28|8,23,27,31,48,49
x29|1,3,6,10,17,18,22,34,35,40,41,45
x30|2,8,9,10,12,21,31,32,40,43,44
x31|2,5,7,10,11,31,32,33,45
x32|1,9,12,16,21,26,39,47
x33|2,5,11,20,26,29,30,33,37,47
x34|1,9,10,13,14,17,23,24,28,37,43,45,48
x35|1,3,5,7,8,13,17,20,23,25,28,38,39,40,43,48,50
x36|1,2,3,5,9,11,17,22,24,32,42,43
x37|1,9,22,30,36,47
x38|1,2,3,5,7,12,15,18,20,21,25,33,37,43
x39|3,7,11,15,18,19,22,31,34,38,40,41,43,45
x40|5,6,9,12,21,32,35,39,41,47,48,49
x41|4,12,15,17,20,26,32,33,40,41,44,46
x42|5,11,15,21,22,27,29,31,34,36,45,47,48
x43|1,12,20,23,26,38,43
x44|3,9,18,19,24,31,36,39,43,44,50
x45|1,3,10,18,20,25,27,34,37,39,44
x46|2,3,5,14,17,19,25,33,41,45,46
x47|1,3,6,7,18,21,25,35,37,38,45,46
x48|1,4,16,24,28,30,38,44,47,50
x49|3,6,14,15,16,22,27,31,39,40
NEq|x38,x45
NEq|x34,x13
LEq|x0,x39
LEq|x1,x24
LEq|x26,x27
LEq|x25,x1
LEq|x32,x35
NEq|x48,x7
LEq|x11,x21
LEq|x35,x1
LEq|x16,x13
NEq|x32,x8
LEq|x4,x9
NEq|x30,x5
NEq|x2,x33
NEq|x41,x40
NEq|x44,x46
LEq|x13,x27
LEq|x3,x36
LEq|x28,x40
LEq|x37,x48
LEq|x24,x48
LEq|x5,x14
LEq|x26,x46
NEq|x37,x24
LEq|x44,x5
NEq|x2,x30
NEq|x41,x34
LEq|x35,x44
NEq|x39,x32
LEq|x4,x44
NEq|x49,x28
NEq|x20,x30
NEq|x7,x4
NEq|x1,x4
LEq|x28,x38
LEq|x42,x36
NEq|x12,x10
LEq|x15,x38
NEq|x21,x37
NEq|x49,x33
LEq|x26,x49
LEq|x40,x11
LEq|x49,x6
NEq|x4,x27
NEq|x6,x17
LEq|x25,x21
NEq|x25,x39
LEq|x4,x44
NEq|x12,x15
