x0|4,16,19,20,23,26,30,41,43,44,47
x1|2,3,5,6,22,33,34,39,40,45,49
x2|5,11,12,17,18,33,45,49
x3|2,10,13,22,24,34,38,42,49
x4|9,10,17,22,24,26,30,31,35,40,47
x5|2,3,13,14,16,28,36,44,47
x6|1,23,26,27,28,29,33,34,36,41,49
x7|1,3,5,9,12,20,22,31,36,37,40,46
x8|1,4,10,31,39,40
x9|1,12,13,17,18,35,42,43
x10|7,11,14,19,24,25,29,32
x11|1,11,23,27,29,36,39,47
x12|1,3,4,6,11,24,31,36,42,46
x13|3,5,8,13,15,19,27,31,40,42,46,47
x14|8,18,25,26,32,33,46,48,50
x15|1,18,23,32,47,48,49
x16|5,12,32,36,43,44,45,48
x17|3,10,18,21,31,36,39,43
x18|1,5,10,19,28,30,35,41,42,43,50
x19|1,14,22,24,27,28,39,42,44,47,50
x20|6,8,12,13,16,21,26,33,46
x21|3,8,15,16,17,35,37,42,44,46,48
x22|4,7,8,14,15,17,22,25,27,31
x23|1,4,6,8,12,19,34,40,41,42,44,47
x24|1,6,11,12,21,22,27,28,42
x25|1,5,7,14,15,20,34,40
x26|2,9,14,15,22,25,27,31,33,35,48
x27|2,16,18,25,28,30,32,45,47,49
x28|3,13,19,27,28,31,34,36,38,45,46,47,50
x29|3,16,17,18,29,30,32,35,36,37,49
x30|3,5,6,7,18,19,27,35,39,40,45,46
x31|6,9,28,35,36,40,44,45
x32|1,2,4,22,23,25,33,43,47,48
x33|1,9,17,18,19,29,32,35,41,44,45,48,49
x34|15,16,19,27,31,34,35,36,42,47
x35|2,8,14,20,24,33,34,36,42,46,49,50
x36|1,4,8,9,15,26,29
x37|6,20,26,29,33,34
x38|1,5,10,17,24,29,30,34,35,45
x39|1,8,24,27,37,46
x40|4,6,7,20,30,41
x41|2,3,4,5,9,21,22,25,30,33,34,43,49
x42|1,3,7,8,9,19,21,22,26,29,34,35,39,50
x43|2,5,7,8,13,20,31,32,45,48
x44|1,11,21,25,26,34,35,36,38,40,42,46
x45|3,14,17,20,26,31,34,43
x46|2,4,5,10,14,19,21,25,30,38,47
x47|2,4,10,16,18,24,30,33,38,44,45,46,50
x48|1,6,9,13,24,25,26,43,44
x49|3,6,8,9,12,16,24,25,29,30,32,37,39,40,41,49
LEq|x30,x6
NEq|x5,x30
LEq|x46,x22
NEq|x6,x13
NEq|x40,x47
NEq|x11,x4
LEq|x42,x34
LEq|x20,x46
LEq|x0,x14
LEq|x46,x45
NEq|x31,x10
LEq|x16,x3
NEq|x11,x22
NEq|x38,x35
NEq|x30,x19
NEq|x34,x22
LEq|x0,x11
LEq|x30,x1
NEq|x37,x20
NEq|x5,x39
LEq|x40,x3
NEq|x22,x5
LEq|x45,x17
NEq|x14,x4
NEq|x3,x23
NEq|x36,x6
NEq|x7,x2
NEq|x7,x47
NEq|x49,x32
LEq|x40,x42
LEq|x34,x13
NEq|x8,x28
LEq|x20,x26
NEq|x25,x3
LEq|x28,x44
NEq|x37,x5
NEq|x13,x27
NEq|x32,x35
LEq|x39,x34
LEq|x49,x1
LEq|x43,x45
LEq|x44,x25
LEq|x31,x29
LEq|x35,x34
LEq|x34,x42
NEq|x31,x12
NEq|x28,x43
NEq|x0,x40
LEq|x32,x27
LEq|x15,x31
