x0|5,8,11,26,28,31,34,37,39
x1|6,8,12,19,20,23,29,30,38,39,41,42,44
x2|2,4,7,8,10,27,38,49,50
x3|1,2,5,22,24,26,27,37,44,45,47,50
x4|1,5,6,14,16,19,28,29,31,33,46
x5|1,12,28,40,42
x6|6,11,14,22,27,32,39,50
x7|9,10,14,16,17,21,34,35
x8|1,4,9,11,29,36
x9|1,4,5,7,9,10,14,22,25,35
x10|3,6,16,27,28,31,34,36,39,44
x11|1,5,7,8,9,10,12,32,41,43,45,47,50
x12|12,18,22,32,38
x13|3,7,15,16,18,31,34,48
x14|1,9,18,19,20,23,32,34,35,44
x15|2,12,17,29,39,44,46,48,49,50
x16|2,8,13,19,25,31,33,37,39,41,43,48,49
x17|1,4,11,21,24,25,27,29,33,42,43,50
x18|4,11,14,22,42,46
x19|4,13,15,19,21,24,30,34,36,42,44,47
x20|2,5,6,8,16,18,20,38,40,46,47,48,49,50
x21|8,19,25,26,31,32,36,38,43,47,49
x22|2,4,5,7,11,13,23,38
x23|7,10,12,14,18,20,23,26
x24|2,3,14,15,27,28,37,42,45
x25|2,10,12,13,15,21,22,44,50
x26|1,9,13,14,15,16,21,22,23,27,36,38,40,45,46,47,48
x27|1,4,13,14,25,39,42,44
x28|1,5,7,9,12,16,18,21,24,27,28,29,32,45,47,48,50
x29|1,9,27,47,48,49
x30|5,7,16,17,24,25,34,40,48,49,50
x31|1,5,15,18,25,32,35,38,39,42,50
x32|7,15,17,34,37,38,43,50
x33|11,19,21,31,32,41,46,47,50
x34|3,6,11,12,19,25,28,29,42
x35|1,2,10,15,47,48
x36|2,20,26,29,35,44,46
x37|4,7,11,15,16,22,32,35,40,41,49
x38|3,13,15,18,21,22,24,27,30,36,39,40,44
x39|3,11,32,34,35,38
x40|3,8,20,24,30,31,35,37
x41|2,6,13,15,19,20,27,40,50
x42|5,7,8,10,13,16,26,33,35,38,41,42,43
x43|1,5,8,13,18,24,27,28,30,32,40
x44|1,5,17,21,24,27,30,35,46
x45|1,5,11,16,19,23,28,48
x46|2,3,4,23,24,31,36,38,47
x47|2,7,10,15,16,24,25,31,32,37,49
x48|3,6,13,16,23,27,35,43,45,48
x49|3,6,7,10,13,14,20,34,45
LEq|x26,x11
NEq|x22,x0
LEq|x4,x43
LEq|x32,x38
LEq|x43,x2
NEq|x36,x19
LEq|x4,x34
NEq|x30,x37
NEq|x8,x14
LEq|x10,x24
NEq|x16,x4
NEq|x15,x27
LEq|x28,x43
NEq|x27,x45
NEq|x32,x12
NEq|x4,x23
LEq|x5,x30
NEq|x12,x36
LEq|x41,x19
LEq|x37,x17
NEq|x27,x25
NEq|x18,x29
LEq|x37,x12
LEq|x45,x14
NEq|x12,x9
NEq|x40,x17
LEq|x11,x2
LEq|x7,x18
LEq|x27,x28
NEq|x10,x31
NEq|x20,x15
LEq|x22,x30
LEq|x46,x36
LEq|x45,x8
NEq|x4,x31
LEq|x45,x4
NEq|x38,x43
LEq|x34,x38
LEq|x8,x19
NEq|x23,x26
NEq|x10,x27
NEq|x20,x29
LEq|x31,x44
LEq|x8,x48
LEq|x1,x20
LEq|x41,x11
LEq|x17,x4
LEq|x25,x37
NEq|x8,x20
NEq|x27,x13
