x0|7,15,26,29,32,35,42,46,48,49
x1|4,5,6,10,15,23,25,28,37,39,43,45
x2|1,6,15,18,19,24,27,31,32,43,44
x3|4,9,12,21,27,33,34,35,36,39,40,46,47,50
x4|4,8,10,17,20,24,30,41,48
x5|3,9,11,15,21,26,29,32,43,50
x6|1,3,11,19,21,25,27,36,37,40,41
x7|1,2,5,6,13,22,25,31,33,36,41,48
x8|11,16,19,28,34,39,41,46
x9|1,4,18,19,28,30,32
x10|2,4,6,15,16,24,25,29,30,42,47,49,50
x11|2,3,5,17,18,22,26,28,39,43,48,49
x12|4,6,11,24,32,34,35,36,38,40,42,45
x13|2,3,5,9,11,19,28,35,38,39,41,42,49
x14|1,6,7,8,10,11,14,41,44,47,48
x15|4,8,12,16,17,20,26,36,39,45,46,47
x16|1,3,15,35,40
x17|1,4,5,17,25,29,36,38,45,46,47
x18|6,27,31,32,34,38,40,43,49,50
x19|1,10,18,28,31,34,35,37,43,47
x20|7,12,21,22,27,36,40,46,47
x21|2,5,17,18,21,23,31,32,34,37,38,43,44
x22|1,8,11,14,17,20,23,25,26,29,34,39,41,42,46
x23|1,5,8,10,11,22,34,37,38,40,42,43
x24|1,9,10,12,19,21,24,30,42,48,50
x25|1,5,6,19,27,28,30,32,36,38,44
x26|3,8,16,18,19,26,28,29,33,37,47,49
x27|1,9,17,20,21,22,28,39,47
x28|2,5,11,14,20,23,26,27,28,29,38,40,41,44,49
x29|2,4,5,13,37,43,45,50
x30|1,4,7,12,17,27,29,40,41,50
x31|1,2,22,25,29,36,39,43
x32|2,11,18,22,28,34,36,37,45,48,50
x33|3,4,5,6,21,22,24,33,36,37,39,43,47
x34|10,12,20,21,26,28,30,41,46,50
x35|6,11,13,17,27,29,30,32,37,41,44,46
x36|2,5,9,16,17,28,32,33,35,45
x37|1,8,27,29,35,38,46,48
x38|1,6,10,12,15,19,20,26,33,36,41,48,49
x39|1,4,9,16,18,20,25,31,32,33,42,43,48,50
x40|6,18,20,22,26,27,28,32,34,35,42,47,48
x41|3,5,21,28,29,30,34,35,47,48,49,50
x42|10,14,34,35,37,42,44
x43|1,3,4,8,10,20,22,24,27,32,36,37,44,48
x44|1,5,6,7,15,18,23,37,49
x45|14,19,24,25,30,39,40,49,50
x46|1,4,8,13,14,17,19,27,30,34,41,48
x47|2,5,8,15,18,19,21,23,28,40
x48|1,2,8,17,25,32,45
x49|1,3,4,7,12,16,18,21,22,28,36,42,45,50
LEq|x15,x49
NEq|x14,x6
NEq|x13,x29
NEq|x12,x30
LEq|x18,x2
LEq|x48,x27
NEq|x7,x5
NEq|x41,x0
LEq|x25,x35
NEq|x12,x0
LEq|x49,x38
NEq|x49,x13
NEq|x2,x20
LEq|x3,x42
LEq|x29,x28
LEq|x23,x15
LEq|x5,x46
LEq|x30,x25
NEq|x9,x8
LEq|x49,x12
LEq|x21,x24
NEq|x39,x22
NEq|x31,x44
LEq|x8,x30
LEq|x36,x44
LEq|x31,x34
LEq|x43,x10
NEq|x22,x3
LEq|x21,x45
LEq|x38,x43
NEq|x35,x3
LEq|x39,x30
NEq|x12,x43
NEq|x18,x9
NEq|x41,x24
LEq|x17,x40
LEq|x49,x9
NEq|x9,x40
LEq|x9,x3
NEq|x33,x9
NEq|x26,x46
NEq|x40,x16
LEq|x22,x37
NEq|x49,x12
NEq|x41,x28
NEq|x4,x35
NEq|x6,x43
NEq|x24,x1
NEq|x35,x11
NEq|x23,x45
