x0|3,11,12,14,24,29,30,31,32,34,35,41,42,45,46,50
x1|1,17,19,21,24,27,38,39,40,44,47,50
x2|2,3,4,5,9,15,24,26,29,33,35,39
x3|1,5,8,14,22,23,30,36,40,42,43
x4|1,2,6,8,19,24,26
x5|2,5,8,10,16,22,24,29,30,34,35,43
x6|3,8,14,24,26,32,38
x7|1,3,4,14,16,20,31,35,37,38,39,44,45,46,47
x8|4,5,11,21,23,29,30,34,36,42,48
x9|1,4,12,15,20,29,31,36,43
x10|4,5,7,11,14,16,17,34,39,41
x11|1,12,21,26,29,30,31,34,35,38,39,40,43,44
x12|3,11,12,18,29,32
x13|1,4,10,28,30,32,44
x14|1,14,15,19,24,34,36,46,49
x15|1,5,10,30,32,38,42,44
x16|1,6,10,14,26,31,33,39
x17|3,5,10,13,16,17,18,25,26,28
x18|2,3,6,13,28,33,35,36,38,40,41,42,43,46,50
x19|7,10,16,21,23,26,28,29,37,38,45
x20|3,11,18,21,22,24,30,33,36,38,50
x21|1,3,6,7,9,11,23,27,30,36,38,41,49
x22|5,12,21,25,28,29,32,39,43,44,49
x23|2,5,8,12,14,35,39,41,42,48
x24|3,4,6,10,12,13,14,26,28,35,38,43,45
x25|1,2,3,7,9,12,20,21,23,24,31,36,44,47,49
x26|2,3,5,14,21,22,24,26,28,32,35,36,49
x27|1,4,14,22,31,34,35,46,47
x28|2,12,16,22,23,37,39,41,42,45,50
x29|7,18,21,23,24,25,28,29,30,40,47
x30|1,2,3,5,6,9,18,25,26,30,37,42,45
x31|1,9,11,12,15,20,21,23,25,28,29,35,48
x32|1,8,18,21,22,25,26,34,48
x33|2,3,7,10,13,14,16,23,24,40,46
x34|2,11,12,15,18,26,28,30,31,33,44
x35|1,5,9,16,17,21,28
x36|1,17,19,30,39,43,49
x37|1,14,16,18,27,38,41
x38|3,21,23,24,36,38,39,41,44,48
x39|3,15,18,20,31,38,39,43,49
x40|6,14,18,20,22,32,35,37,43,49
x41|2,17,20,25,27,29,34,36,43,49
x42|2,5,6,13,14,16,18,20,45,50
x43|15,18,19,20,22,26,28,35,37,39,46,50
x44|2,9,16,19,30,34,39,46
x45|1,14,20,24,25,31,43,47,49,50
x46|2,6,10,22,23,28,30,31,40,46
x47|2,4,12,15,22,23,25,38,40,48
x48|4,5,16,17,18,22,27,34,35,36,46,49
x49|11,14,18,20,23,32,33,36,39,46
LEq|x16,x7
LEq|x33,x25
LEq|x26,x39
LEq|x18,x22
NEq|x29,x46
LEq|x22,x17
NEq|x41,x12
LEq|x24,x37
LEq|x4,x7
NEq|x4,x43
LEq|x5,x20
NEq|x3,x39
LEq|x18,x30
LEq|x38,x25
NEq|x10,x49
LEq|x36,x30
NEq|x9,x48
LEq|x27,x29
NEq|x6,x35
LEq|x46,x40
LEq|x34,x48
NEq|x6,x31
LEq|x17,x38
LEq|x20,x46
NEq|x3,x16
NEq|x16,x5
NEq|x5,x14
NEq|x10,x21
NEq|x20,x3
LEq|x15,x34
NEq|x1,x16
LEq|x33,x27
LEq|x20,x28
LEq|x13,x48
LEq|x2,x24
NEq|x42,x13
NEq|x10,x6
LEq|x31,x35
LEq|x13,x10
NEq|x23,x12
LEq|x26,x0
NEq|x32,x5
NEq|x27,x20
NEq|x24,x42
LEq|x40,x17
NEq|x44,x39
LEq|x29,x32
LEq|x31,x2
LEq|x14,x31
LEq|x16,x17
