x0|1,3,4,9,10,11,18,19,23,25,46,47,48,49
x1|3,5,13,24,25,28,30,33,35,36,39,44
x2|1,7,13,17,21,23,27,30,36,37,49,50
x3|2,7,9,10,12,16,22,23,35,38,42
x4|5,9,23,32,43
x5|1,5,16,18,22,23,24,28
x6|1,6,9,13,21,33,35,43,50
x7|10,13,27,28,29,37,47
x8|1,8,9,15,17,18,19,28,31,39,43,44,50
x9|3,5,13,17,20,23,29,30,32,46
x10|1,12,17,21,31,34,36,40,41,43,50
x11|6,14,16,17,20,21,23,27,33,43,45,47
x12|5,8,12,23,26,45,46,49
x13|1,5,6,12,16,19,31,32,33,35,43
x14|1,14,15,23,35,42,44
x15|1,14,18,21,26,32,35,36,43,48,50
x16|1,8,14,15,19,23,28,38,40
x17|3,4,6,7,11,18,19,20,21,39,48
x18|1,19,40,44,50
x19|1,11,12,14,19,37,38,39
x20|5,7,14,17,31,33,36,40,43,45,49
x21|2,6,13,14,15,16,19,20,27,32
x22|2,6,15,19,23,34,41,48
x23|1,3,5,22,23,30,31,32,33,39
x24|5,9,14,16,18,21,22,30,33,38,43
x25|1,8,10,17,18,20,40,48
x26|2,12,15,16,17,19,25,29,44,47,48,49
x27|1,7,10,13,14,17,19,29,44
x28|1,9,11,13,15,17,21,22,24,28,30,31,35,45,49
x29|5,10,18,20,21,22,23,28,29,37,48,49
x30|2,6,7,11,20,21,24,35,39,46
x31|1,11,15,19,23,24,28,31,34,37,39,47
x32|1,5,9,24,31,48
x33|1,2,11,13,16,18,22,25,33,34,38,40,46,47
x34|2,3,10,11,20,23,27,29,44,48,49
x35|1,3,7,12,14,24,32,38,46,49
x36|4,5,6,11,12,13,14,26,32,39
x37|1,5,6,17,19,22,24,25,27,31,33,34,37,42
x38|2,11,15,16,17,18,21,23,24
x39|2,20,21,31,48,49
x40|3,6,8,25,29,50
x41|1,4,8,16,17,25,29,33,50
x42|7,9,15,18,31,34,37,44,48,49
x43|8,10,12,19,21,29,32,40,49
x44|1,2,3,15,26,45,46
x45|1,2,9,23,26,31,38,41,44,48,49
x46|2,3,7,11,12,20,22,26,32,40,43,44,49
x47|1,2,8,14,18,19,20,22,33,34,43,44,45,49
x48|1,5,11,12,17,21,30,34,37,42,48
x49|4,7,11,12,14,24,31,42
NEq|x27,x14
LEq|x7,x33
LEq|x31,x15
NEq|x29,x37
LEq|x7,x39
NEq|x5,x39
NEq|x0,x2
LEq|x9,x7
NEq|x30,x36
NEq|x34,x20
LEq|x9,x34
NEq|x31,x30
LEq|x0,x5
NEq|x47,x16
NEq|x27,x25
NEq|x0,x11
NEq|x12,x43
NEq|x4,x29
LEq|x30,x25
LEq|x46,x26
LEq|x6,x19
NEq|x1,x0
LEq|x26,x10
NEq|x1,x49
LEq|x23,x41
NEq|x26,x8
NEq|x37,x27
NEq|x48,x38
LEq|x44,x4
LEq|x9,x35
NEq|x18,x3
NEq|x42,x17
NEq|x42,x8
LEq|x23,x40
LEq|x36,x22
LEq|x22,x39
LEq|x24,x25
LEq|x12,x6
NEq|x23,x32
NEq|x4,x39
LEq|x1,x5
LEq|x43,x19
NEq|x0,x1
LEq|x37,x42
LEq|x34,x33
LEq|x15,x12
NEq|x18,x44
NEq|x32,x21
LEq|x39,x13
LEq|x28,x8
