x0|5,8,9,14,17,27,30,31,34,47
x1|4,6,8,11,17,18,23,31,32,47,49
x2|1,10,21,28,30,31,34,40,48
x3|1,2,9,13,14,16,20,21,27,34,38,42,44,48
x4|2,8,17,19,20,21,23,25,38,41,45,50
x5|2,3,5,8,27,29,33,35,38,40,43,48
x6|5,7,12,13,14,16,17,19,20,22,31,38,39
x7|1,6,7,20,22,24,27,35,37,39,40,41,43,46
x8|1,10,22,27,33,34
x9|8,14,15,16,18,25,28,33,36,44,45
x10|3,12,14,29,30,34,39,45,47,49
x11|1,4,14,16,18,23,29,46,50
x12|1,5,10,13,14,17,18,20,24,34,40,42,48
x13|4,9,10,13,16,18,36,48
x14|1,4,11,12,20,23,25,36,39,43,48
x15|2,5,7,10,28,32,36,50
x16|4,6,10,11,14,22,25,32,41,46,47,50
x17|3,4,6,16,24,27,29,34,39,44,46,49
x18|4,13,18,19,25,27,32,40
x19|2,8,9,10,16,19,20,23,28,34,37,45
x20|3,5,9,22,31,32,38,40,42,45,50
x21|3,16,20,24,26,27,35,40,44
x22|1,5,8,11,13,16,17,24,27,39,47
x23|1,4,8,11,18,20,25,34,36,42,46
x24|2,3,10,19,24,25,29,31,36,48
x25|3,8,9,15,16,18,27,29,36,39,44,48
x26|3,7,33,39,42,50
x27|1,2,4,10,14,16,17,19,22,26,37,44,48,49
x28|1,3,4,21,23,24,28,30,31,35,38,40
x29|2,7,13,20,21,26,42,48
x30|3,10,13,19,23,24,28,33,34,37,46,49
x31|5,16,21,22,28,35,37,44,45,46
x32|1,3,16,19,31,34,37,43,46
x33|4,5,7,17,32,34,35,42
x34|1,7,10,11,17,31,38,47,49
x35|2,5,16,21,22,28,29,30,34,43,44,45
x36|9,15,23,25,28,30,31,43,45,46
x37|4,20,31,33,37,38,42,48,50
x38|1,11,18,19,21,27,30,40,41,48
x39|1,4,7,15,17,18,21,22,25,36,43,45,46,50
x40|1,4,12,14,32,35,47,50
x41|3,5,13,16,28,30,34
x42|1,14,17,20,24,35,37,42
x43|1,2,5,7,17,21,23,25,29,34,35,37,38,39,42
x44|1,6,9,15,35,43,45,46
x45|4,10,15,18,22,39,42,45,48,49,50
x46|1,3,6,23,25,39,46,47,48,50
x47|2,4,7,11,15,17,21,23,25,42,48,50
x48|2,3,4,14,19,21,26,31,38,44,49,50
x49|3,19,24,26,29,30,39,42,46,50
LEq|x24,x23
NEq|x12,x28
NEq|x23,x24
NEq|x15,x18
LEq|x18,x19
LEq|x14,x7
NEq|x37,x42
LEq|x39,x8
NEq|x39,x5
NEq|x36,x34
LEq|x48,x22
LEq|x26,x45
NEq|x23,x27
LEq|x7,x25
LEq|x49,x20
LEq|x31,x5
NEq|x31,x17
NEq|x12,x3
NEq|x12,x5
NEq|x36,x20
NEq|x41,x14
LEq|x3,x32
NEq|x40,x6
NEq|x31,x16
LEq|x3,x17
NEq|x6,x24
LEq|x22,x19
LEq|x36,x17
LEq|x37,x12
LEq|x41,x14
NEq|x31,x8
NEq|x0,x47
NEq|x19,x12
NEq|x22,x30
LEq|x20,x38
LEq|x24,x16
LEq|x47,x27
LEq|x47,x2
NEq|x4,x38
LEq|x0,x49
NEq|x8,x34
LEq|x29,x15
LEq|x39,x24
LEq|x33,x7
NEq|x25,x16
NEq|x12,x5
LEq|x47,x13
LEq|x17,x32
LEq|x45,x41
LEq|x38,x11
