x0|2,6,19,20,33,34,39,44,46,47
x1|3,15,16,18,20,29,31,32,35,39,43,50
x2|3,7,11,12,13,31,33,41,43,45,48
x3|3,18,20,27,28,32,36,37,38,47
x4|2,4,5,17,19,20,25,28,29,36,43
x5|3,6,8,9,19,25,31,35,39,41,43,47
x6|3,7,14,15,16,22,24,26,32,33,44,46,47
x7|2,7,10,14,18,23,32,36
x8|2,11,12,19,26,31,33,37,38,47
x9|1,2,6,10,12,18,20,27,35,36,42,44,49
x10|2,7,8,10,15,22,23,26,30,40,41,50
x11|1,3,8,11,12,15,19,29,30,36,38,42,43,45,47
x12|6,13,16,17,18,19,23,24,25,29,37,47,49,50
x13|3,13,28,32,33,34,42,43,48,49
x14|2,3,5,14,17,23,40,43,47,50
x15|1,3,5,18,24,25,32
x16|4,8,9,11,16,17,19,27,33,35,39,43,46,50
x17|3,22,25,27,30,38,39,45
x18|1,19,44,48
x19|1,8,20,22,26,41,44,46,47
x20|4,6,12,13,17,19,26,27,29,33,38,43,44,45,46
x21|5,15,18,22,26,31,39,43,44,45
x22|2,3,16,19,24,26,29,34,43,48
x23|2,11,14,17,33,35,36,37,38,40,45
x24|4,13,27,28,32,33,41
x25|2,4,5,9,12,20,24,25,26,30,43,47,49
x26|1,6,12,21,27,34,38,47,50
x27|3,8,9,10,14,20,23,29,33,37,39,48
x28|2,12,15,17,20,22,27,30,33,40,42,45
x29|2,21,23,29,35,38,41,45
x30|7,10,20,23,28,32,36,49
x31|1,3,5,18,19,20,23,32,36,38
x32|4,10,15,19,21,26,28,31,38,43
x33|6,12,18,24,28,29,30,34,39,44,48
x34|1,2,10,16,30,38,44
x35|4,10,11,15,17,19,24,29,37,43,47
x36|9,18,20,23,27,28,29,33,37,40
x37|10,12,15,18,19,21,30,34,38,39,49
x38|3,9,21,22,23,28,31,32,36,38,41,43,50
x39|4,11,16,22,24,28,31,34,36,45,46
x40|1,3,4,9,11,19,27,31,33,36,40,44,46
x41|3,7,15,22,30,31,32,34,36,37,39,44,45
x42|3,6,7,12,20,27,29,30,34,42,43,50
x43|1,2,7,14,28,33,34,35,43,46,47
x44|2,5,19,20,24,28,32,33,40
x45|1,9,14,20,24,32,34,37,47,49
x46|1,10,17,29,30,35,37
x47|1,3,14,17,19,22,24,25,29,32,34,39,44
x48|1,3,10,12,15,17,21,23,28,29,33,41,43,45
x49|4,7,19,28,36,47,49
NEq|x17,x42
LEq|x4,x11
LEq|x28,x44
LEq|x25,x19
LEq|x48,x23
NEq|x23,x28
NEq|x34,x17
NEq|x10,x29
LEq|x31,x7
NEq|x46,x3
LEq|x17,x29
LEq|x15,x24
NEq|x15,x29
LEq|x16,x47
LEq|x29,x49
NEq|x32,x43
LEq|x26,x32
LEq|x18,x28
LEq|x32,x5
NEq|x26,x2
NEq|x21,x45
LEq|x26,x35
LEq|x41,x46
NEq|x35,x1
NEq|x9,x12
NEq|x28,x39
NEq|x35,x10
LEq|x49,x43
NEq|x1,x39
NEq|x6,x32
NEq|x20,x7
NEq|x27,x3
NEq|x11,x10
LEq|x4,x39
LEq|x32,x15
NEq|x3,x10
LEq|x19,x48
LEq|x5,x20
LEq|x48,x7
LEq|x6,x30
LEq|x8,x10
LEq|x38,x35
NEq|x27,x49
NEq|x48,x4
LEq|x15,x45
LEq|x20,x10
NEq|x33,x49
NEq|x47,x33
LEq|x6,x10
LEq|x19,x24
