x0|3,5,8,19,25,27,31,39,40,42,43,44,47,48
x1|1,4,5,10,15,20,27,35,38,48
x2|2,14,16,17,25,34,39,40,42,44,50
x3|1,4,7,11,23,34,38,39
x4|2,13,17,24,35,40
x5|2,6,13,21,30,31,32,36,48,50
x6|2,4,8,18,20,27,31,49
x7|3,4,8,14,15,19,20,23,25,26,30,33,38,43
x8|2,4,7,10,13,30,36,37,38,40,50
x9|2,4,5,10,25,28,29,32,33,37,38,45,47
x10|4,7,9,12,21,25,27,33,38,40,41,43
x11|1,3,4,6,12,28,32,35,42
x12|2,6,8,11,15,20,25,33,37,40,43,46
x13|3,8,9,10,19,20,29,36,44,47
x14|2,4,5,7,8,13,18,19,28,33,40,43
x15|8,12,16,21,28,29,32,34,39,49
x16|1,2,6,11,19,24,32,33,39,41,46
x17|4,13,14,21,26
x18|2,4,6,11,12,18,21,27,30,31,37,39,44,46
x19|1,2,5,16,19,20,22,24,26,31,32,38,43,46
x20|15,16,31,33,36
x21|2,3,4,5,6,7,17,18,23,27,35,37,39,49
x22|6,12,13,21,23,30,32,35,37,39,48
x23|2,5,8,12,15,25,28,32,36,37,42,47
x24|1,3,9,14,17,20,26,31,35,40
x25|5,6,12,15,21,29,32,42,46
x26|7,11,12,15,16,18,21,22,23,25,37,38,48,49
x27|3,12,13,18,25,34,36,37,41,43,48
x28|3,7,18,22,24,29,43
x29|3,7,8,10,15,16,17,19,20,23,30,32,40,47,49,50
x30|1,3,5,8,10,13,14,15,21,27,30,31,34,36,49
x31|2,10,13,17,24,29,39,40,41,42,50
x32|1,2,11,20,22,25,27,28,31,33,38,42
x33|9,26,27,31,34,38,43
x34|1,5,7,12,13,15,18,19,25,29,33
x35|2,4,6,11,15,18,25,26,28,32
x36|3,8,9,13,18,19,20,30,43,44,48,50
x37|1,3,15,42,45
x38|1,6,10,20,23,26,29,33
x39|4,19,20,22,26,33,47,48,49
x40|1,12,14,16,21,23,29,33,35,36,37,38,41,48,50
x41|2,3,12,13,18,27,29,30,34,41,47,50
x42|2,5,21,23,24,26,36,39,40,44
x43|3,20,24,25,28,29,49
x44|1,10,16,23,26,27,33,40,42,50
x45|3,9,15,16,20,21,24,26,35,43
x46|2,7,8,11,12,19,23,24,35,37,44
x47|1,5,9,13,15,17,26,28,29,32,34,37,42,49,50
x48|10,19,23,24,25,28,34,46,48,49,50
x49|1,6,9,19,20,22,26,29,34,39
NEq|x25,x27
NEq|x0,x31
LEq|x6,x32
NEq|x47,x38
LEq|x41,x36
NEq|x7,x4
NEq|x46,x27
LEq|x7,x18
NEq|x36,x5
NEq|x0,x9
NEq|x43,x8
LEq|x24,x41
LEq|x37,x46
NEq|x18,x44
NEq|x28,x19
NEq|x40,x37
LEq|x48,x7
LEq|x3,x4
LEq|x34,x21
LEq|x12,x32
NEq|x0,x39
NEq|x0,x26
LEq|x24,x45
LEq|x48,x23
NEq|x27,x45
LEq|x17,x14
LEq|x41,x42
NEq|x8,x43
LEq|x16,x44
NEq|x24,x14
NEq|x25,x12
NEq|x34,x37
LEq|x46,x30
NEq|x12,x6
NEq|x1,x45
LEq|x8,x15
NEq|x46,x0
LEq|x17,x16
LEq|x21,x43
LEq|x47,x42
LEq|x48,x37
LEq|x34,x24
NEq|x40,x27
NEq|x1,x8
LEq|x17,x13
LEq|x24,x6
NEq|x17,x48
LEq|x35,x28
LEq|x45,x38
LEq|x31,x32
