x0|5,6,7,10,12,22,24,25,26,34,37,39,40,50
x1|13,24,26,32,33,37,40,44,49
x2|2,4,8,18,20,26,31,41,49,50
x3|4,6,13,17,25,26,44,48,50
x4|1,4,24,26,28,29,30,35,38,41,44
x5|1,3,4,14,24,26,28,31,35,44,45,49
x6|1,2,20,26,27,34,36,37,41,42,49
x7|8,14,22,28,29,30,33,36,38,39,42
x8|1,15,22,29,35,38,41,48,49
x9|1,2,4,5,7,8,11,20,23,34,35,43,47
x10|2,4,7,8,11,15,20,21,22,24,25,28,42,43
x11|3,6,8,9,18,30,32,33,36,46
x12|1,9,15,19,22,23,24,26,27,28,44,48
x13|1,5,6,9,10,11,23,24,29,44,47,50
x14|2,11,13,21,24,27,33,41,49
x15|3,5,10,17,24,26,27,35,37,45,47
x16|1,11,15,22,27,29,30,31,34,40,43,44
x17|1,5,11,13,15,16,18,22,31,33,37,43,50
x18|3,11,12,13,15,19,33
x19|1,7,9,13,14,28,30,31,32,35,37,50
x20|2,6,12,14,15,17,18,28,35,41,50
x21|2,5,14,16,18,19,25,29,33,39,41,46,47,49
x22|1,2,8,11,14,22,32,36,38,39,40,43,47,49,50
x23|1,11,12,14,19,49
x24|1,3,15,23,33,39,44,45
x25|1,2,6,12,14,20,22,25,27,28
x26|2,6,12,24,25,26,34,38,39,47,48,49
x27|4,23,27,32,35,36,44,45,46
x28|3,4,18,33,34,42,43,48
x29|3,5,24,29,32,33,35,36
x30|1,7,11,18,23,26,27,34,45,50
x31|4,9,15,17,20,21,24,25,34,41,44
x32|1,9,11,13,20,38,40,42,47
x33|1,4,6,10,14,21,27,30,31,35,41
x34|5,16,18,19,22,28,29,32,40,45,48
x35|9,14,16,21,26,31,40,42,49
x36|2,4,11,12,14,18,28,29,33,37,38,40,45,46,47
x37|3,4,7,12,15,25,26,30
x38|2,5,6,10,13,20,21,31,43,50
x39|3,8,10,20,23,30,32,35,43,45,48
x40|5,6,7,9,15,19,26,32,38,39,49
x41|2,14,17,26,37,39,41,45
x42|14,15,30,31,32,45,46
x43|3,11,12,16,27,28,32,33,37,39,46
x44|3,5,7,9,12,24,31,36,38,42,44
x45|2,5,7,12,13,15,17,19,25,30,35,45
x46|4,5,17,22,23,26,30,36,39,41,45
x47|1,5,16,17,18,19,33,41,43,44
x48|1,2,7,17,18,23,31,32,39
x49|2,10,15,18,22,25,26,29,36,46,50
LEq|x34,x42
LEq|x0,x36
LEq|x31,x38
NEq|x33,x17
LEq|x8,x18
LEq|x46,x14
NEq|x1,x4
LEq|x46,x18
LEq|x16,x12
NEq|x47,x43
NEq|x16,x32
LEq|x24,x16
NEq|x3,x46
NEq|x31,x49
NEq|x5,x8
NEq|x10,x30
LEq|x47,x11
NEq|x17,x34
LEq|x36,x14
LEq|x3,x7
NEq|x47,x45
LEq|x2,x20
LEq|x11,x43
NEq|x31,x42
NEq|x26,x22
LEq|x18,x43
LEq|x5,x21
LEq|x49,x31
NEq|x9,x31
LEq|x1,x25
LEq|x14,x27
LEq|x39,x11
NEq|x15,x24
NEq|x13,x44
NEq|x6,x11
NEq|x40,x38
NEq|x34,x8
NEq|x18,x9
NEq|x45,x43
LEq|x41,x30
LEq|x44,x16
NEq|x17,x0
LEq|x15,x11
LEq|x36,x5
NEq|x37,x3
LEq|x3,x47
NEq|x0,x40
NEq|x19,x6
LEq|x5,x27
NEq|x46,x6
