x0|4,6,13,28,30,31,32,35,36,39,42,46,49
x1|9,10,14,21,25,32,33,34,39,40,50
x2|1,3,8,19,20,22,27,30,40,46,49
x3|3,5,9,10,19,26,36,39
x4|1,3,16,19,20,22,23,33,36,38,43,48,49
x5|1,2,6,11,16,17,23,33,36,41,49
x6|7,8,11,12,14,15,33,49
x7|1,2,10,23,32,33,36,37,40,45,47
x8|1,6,7,23,28,29,30,31,32,33,36
x9|4,6,7,17,23,26,30,31,35,37,48
x10|1,4,5,20,21,27,29,30,31,42,44,47,50
x11|2,7,9,16,22,33,39,40,43,44,47,49
x12|4,11,15,26,32,36,38,46
x13|6,8,13,19,20,22,24,25,32,38,39,42,48
x14|1,8,13,14,27,37,44,46,49
x15|1,4,8,11,13,18,21,25,33,36,46,48,50
x16|1,7,20,25,36,37,38
x17|4,5,10,33,35,36,38,42,45,50
x18|1,2,9,13,15,18,28,30,35,43,44,46,49,50
x19|2,10,25,26,29,32,45
x20|1,9,13,18,19,27,32,33,37
x21|2,16,17,24,27,32,36,41,44
x22|5,8,14,18,19,21,25,33,37,38,42,44
x23|1,2,7,13,19,30,31,38,39,40,47,48
x24|1,6,9,10,15,18,35,37,50
x25|1,6,33,40,42,46,47,49
x26|5,9,10,20,21,24,30,39,40,43
x27|3,16,22,34,44,46,50
x28|4,6,18,24,25,31,32,34,42,47,48
x29|2,8,10,23,25,28,31,32,35,41,45,46
x30|1,6,7,35,38,46
x31|1,6,20,28,35,37,48
x32|2,8,10,13,15,22,24,29,35,37,46,47,49,50
x33|23,29,33,35,38,42,43,50
x34|4,9,13,15,21,28,30,34,35,41,43,44,45,46
x35|14,18,19,26,32,34,35,42,44,45,46
x36|1,3,11,12,13,20,22,24,33,35,48
x37|1,2,3,6,10,12,13,18,23,39,40,41,45,50
x38|3,9,10,17,18,19,26,29,36,43,48
x39|4,10,11,14,15,23,24,35,36,37,48,49
x40|1,4,12,15,19,26,35,36,38,42,46,50
x41|1,4,11,16,43,48
x42|1,5,7,8,9,11,12,16,17,23,33,34,47
x43|4,8,11,27,28,31,36,38,43
x44|4,6,8,14,18,25,27,29,35,36,39,42,43,44,50
x45|1,10,12,17,20,26,32,42,49
x46|4,5,7,15,28,29,31,36,49
x47|1,7,8,21,22,23,28,29,30,31,35,47,50
x48|2,22,25,28,29,31,36,38,39,40,41,46,48
x49|3,6,9,10,12,15,28,33,36,39,43
NEq|x15,x27
LEq|x34,x38
LEq|x4,x1
LEq|x23,x5
LEq|x16,x28
LEq|x29,x49
NEq|x43,x7
NEq|x40,x30
NEq|x23,x44
LEq|x8,x33
NEq|x33,x31
LEq|x31,x16
LEq|x25,x37
NEq|x36,x18
LEq|x1,x26
NEq|x27,x2
NEq|x20,x32
NEq|x8,x28
LEq|x18,x12
NEq|x10,x26
LEq|x21,x12
NEq|x30,x25
NEq|x26,x28
LEq|x39,x15
NEq|x5,x49
LEq|x33,x30
NEq|x17,x21
LEq|x5,x20
LEq|x14,x31
NEq|x11,x23
LEq|x35,x9
NEq|x6,x7
NEq|x31,x4
LEq|x31,x4
NEq|x47,x33
LEq|x15,x42
LEq|x45,x12
NEq|x47,x26
NEq|x36,x30
LEq|x22,x28
NEq|x25,x39
NEq|x40,x7
LEq|x21,x3
NEq|x22,x10
NEq|x13,x24
LEq|x20,x3
NEq|x11,x10
NEq|x12,x39
NEq|x26,x25
LEq|x21,x0
