x0|10,11,12,20,21,23,31,40,42,45,46
x1|3,13,33,37,46,48
x2|3,7,9,10,15,18,20,25,30,44
x3|1,6,13,16,25,34,42,45,49
x4|3,6,12,13,20,22,26,40,41,44,47,50
x5|1,12,13,14,15,23,25,29,30,36,39,42
x6|5,7,11,18,26,32,34,38,44
x7|5,11,15,16,20,26,28,41,44,45
x8|1,11,20,21,22,23,25,30,31,34,39,46,48
x9|1,7,9,10,12,17,21,27,29
x10|1,6,13,21,23,26,31,42,45,49
x11|1,7,8,32,34,44,49
x12|1,7,8,9,21,22,27,33,35,37,41,46
x13|4,6,9,11,17,20,26,34,40,49,50
x14|1,12,17,18,22,23,24,39
x15|1,5,10,12,17,25,28,31,35,40,42
x16|1,2,7,15,19,22,27,28,31,48
x17|1,6,8,10,20,21,22,25,33,43,45,47
x18|2,4,10,11,18,19,21,40,44,45,48
x19|2,5,18,30,31,37,42,45,46,48
x20|1,5,11,14,15,18,21,23,24,38,47
x21|2,4,9,10,15,18,19,21,22,24,43,47
x22|1,4,5,9,14,23,26,29,33,34,37,44,47
x23|2,18,19,35,47,49
x24|4,13,16,23,34,50
x25|2,5,15,17,18,33,38
x26|4,33,37,41,43,50
x27|4,5,10,13,14,16,17,20,21,24,33,36,38
x28|1,15,19,21,23,25,30,33,43
x29|3,5,11,15,16,26,41,44
x30|1,7,16,17,19,21,22,26,28,30,38,43,48
x31|1,3,7,9,18,28,40,49
x32|2,4,7,12,32,34
x33|4,6,16,22,23,27,28,42
x34|1,4,6,9,12,17,28,30,31,41
x35|1,18,19,23,28,29,33,34,36,37,46
x36|5,7,22,25,27,33,36,41,44
x37|2,16,17,20,21,24
x38|9,12,16,18,21,22,23,29,34,36,39
x39|2,3,7,13,21,23,25,27,35,39
x40|1,2,3,4,13,21,25,33,38,41,46,47,48,49
x41|1,5,6,9,13,20,21,27,29,34,37,40,41,48
x42|1,12,19,22,28,31,33,38,48
x43|22,23,24,32,41,49
x44|1,7,11,19,20,24,26,33,43,45,47
x45|1,4,6,18,29,34,40,41,44
x46|1,5,10,12,13,14,19,21,23,25,38,41,42,43,44,50
x47|3,6,11,13,20,35,36,37,38,47,48
x48|2,7,9,24,28,36,37,39,41
x49|1,6,7,9,15,16,17,19,22,28,31,40,44
LEq|x0,x45
LEq|x28,x30
LEq|x7,x11
LEq|x5,x15
LEq|x40,x43
NEq|x46,x8
NEq|x12,x13
LEq|x15,x16
NEq|x28,x12
NEq|x24,x1
LEq|x31,x35
NEq|x18,x43
LEq|x22,x10
LEq|x9,x10
LEq|x48,x38
NEq|x23,x15
NEq|x32,x43
LEq|x40,x7
LEq|x47,x12
NEq|x23,x5
NEq|x36,x27
LEq|x37,x31
NEq|x1,x11
NEq|x37,x45
LEq|x19,x24
LEq|x3,x1
LEq|x23,x6
NEq|x24,x14
LEq|x15,x25
NEq|x29,x39
LEq|x28,x21
LEq|x9,x42
LEq|x8,x49
NEq|x24,x38
LEq|x28,x2
LEq|x26,x20
LEq|x21,x36
NEq|x49,x29
NEq|x14,x1
NEq|x34,x5
NEq|x43,x39
NEq|x43,x39
NEq|x17,x30
LEq|x29,x16
NEq|x42,x4
LEq|x13,x31
NEq|x12,x24
LEq|x39,x10
NEq|x46,x14
NEq|x46,x6
