x0|2,4,12,15,20,22,34,35,38,41,43,49
x1|1,2,8,10,12,17,29,35,42,49
x2|2,3,6,10,19,26,32
x3|1,6,9,11,14,18,21,27,32,33,39,41
x4|3,5,9,11,16,17,21,25,37,41,43,44
x5|1,4,10,12,18,25,30,37,38,46,48
x6|1,4,19,20,22,25,30,37,41,45,50
x7|1,3,11,14,18,22,26,36,38,39,42,48,50
x8|11,16,26,27,29,32,45,46
x9|4,6,7,21,23,33,41,43
x10|3,10,13,14,19,30,32,35,37,48
x11|2,5,7,12,13,16,22,31,35,36,43,47
x12|5,10,12,13,15,19,24,26,37,46
x13|2,6,18,20,22,38,39
x14|2,4,17,21,23,24,25,43,50
x15|4,6,9,23,32,34
x16|1,5,11,19,31,38,42,49,50
x17|1,3,4,6,16,17,26,27,28,30,34,42,45
x18|3,14,19,24,26,28,34,38,45
x19|1,4,8,10,14,16,20,25,27,30,37,45
x20|1,4,5,26,27,30,33,39,41,44,45
x21|2,3,10,14,18,32,42,44,48
x22|1,6,11,32,40,50
x23|1,14,16,21,22,32,35,38,41,46
x24|3,8,10,11,20,30,36,42,44,45
x25|2,14,15,16,18,29,30,31,41,43,48
x26|5,6,17,21,23,34,43,46,49
x27|3,5,12,16,19,22,29,31,37,41
x28|4,19,24,30,34,35,41,44,47,49
x29|1,5,6,10,17,19,20,34,40,45,48,49
x30|1,2,4,6,7,21,28,31,32,37,39,46,49
x31|1,3,15,21,26,28,31,41,45
x32|1,4,13,15,21,25,27,32,37,39,42,46,47
x33|6,9,12,22,32,35,37,40,41,44,47
x34|4,8,16,22,29,32,33,43
x35|1,2,3,5,6,11,16,18,26,27,29,37,42,48
x36|1,17,22,23,24,25,39,41,44,47
x37|1,7,12,13,17,36,40
x38|1,7,17,20,22,25,30,37,45,47
x39|8,10,16,20,24,26,32,35,39,42,43
x40|1,8,9,12,15,20,22,32,43,46,49
x41|3,5,6,8,9,16,20,40,44,47
x42|3,5,8,9,20,24,25,28,33,37
x43|1,3,5,10,11,12,13,17,21,29,30,38,44,48,50
x44|16,22,23,28,32,40,43
x45|6,17,22,27,33,34,49
x46|2,5,12,16,36,50
x47|2,13,21,31,33,38
x48|2,8,11,12,14,27,34,39,40,46,50
x49|10,11,19,26,34,35,36,40,49,50
LEq|x35,x18
LEq|x10,x36
NEq|x17,x15
LEq|x44,x20
NEq|x44,x22
NEq|x8,x17
NEq|x36,x35
NEq|x21,x47
LEq|x0,x7
LEq|x18,x11
NEq|x32,x39
LEq|x31,x43
LEq|x10,x49
NEq|x2,x15
LEq|x49,x8
LEq|x47,x22
NEq|x38,x40
LEq|x38,x43
LEq|x14,x28
LEq|x35,x26
NEq|x47,x5
LEq|x21,x40
NEq|x20,x26
LEq|x42,x29
LEq|x39,x11
NEq|x12,x46
NEq|x45,x23
LEq|x37,x17
LEq|x10,x49
LEq|x49,x39
LEq|x24,x49
NEq|x39,x8
LEq|x45,x19
LEq|x18,x33
LEq|x48,x43
LEq|x25,x10
LEq|x23,x47
NEq|x2,x45
LEq|x43,x44
NEq|x38,x2
LEq|x46,x37
LEq|x1,x21
NEq|x18,x23
NEq|x12,x42
NEq|x25,x12
NEq|x36,x44
NEq|x12,x47
NEq|x43,x2
LEq|x25,x13
LEq|x35,x24
