x0|3,4,11,17,22,29,32,34,35,37,38,41,43,46
x1|2,6,9,15,18,22,23,26,29,49
x2|3,5,7,13,14,21,25,34,35
x3|2,15,18,19,20,22,27,37,38,39
x4|1,3,6,11,21,26,29,39,43,46,47
x5|2,3,5,7,17,21,24,25,43,48
x6|1,3,14,20,29
x7|1,8,11,18,20,23,25,26,39
x8|5,9,10,22,28,30,32,40,41,42,43,46
x9|4,5,11,12,15,18,29,32,34,36,37,47,48,50
x10|1,3,8,10,11,13,18,26,28,32,37,42,45,46
x11|3,5,10,13,14,18,41
x12|1,4,5,6,10,21,29,30,45,50
x13|2,4,10,13,17,19,25,32,36,41,43,48
x14|1,2,3,10,25,29,32,39,47
x15|4,7,8,26,33,35,37,38,39,43
x16|2,7,17,18,22,23,28,34,41,42
x17|2,9,17,18,27,28,31,35,36,46,48
x18|5,7,11,20,22,24,29,31,40,46
x19|5,7,11,14,21,22,30,34,36,48
x20|2,17,20,22,29,35,40,41,44,45,47,50
x21|2,4,5,18,21,22,30,33,35,36,41,47
x22|12,13,20,22,24,33,39,40,44,46,48,50
x23|3,5,6,8,15,19,20,27,29,30,40,44,45,47,49,50
x24|2,3,8,10,13,24,26,28,31,37,39,40,42
x25|3,16,18,21,22,25,32,35,37,38,40
x26|5,9,13,26,27,32,38,43,50
x27|3,4,5,7,11,20,22,29,32,38,45
x28|3,17,20,25,26,30,31,32,35,37,48,49
x29|2,4,8,17,28,30,34,41,45,46,50
x30|2,12,18,35,38,41,42,43
x31|4,7,8,9,13,14,17,19,20,26,30,33,37,39,41,42,50
x32|1,3,13,14,17,18,20,26,34,35,38,39,40,49
x33|1,6,7,17,21,24,35,41,46
x34|1,4,7,20,30,33,39,48,50
x35|2,4,11,17,19,28,29,33,34,40,44,49
x36|6,15,22,23,28,31,33,38,50
x37|1,3,8,10,15,16,21,23,26,30
x38|1,4,16,24,29,33,39,48,50
x39|1,3,7,13,23,29,33,47,50
x40|1,4,5,6,7,8,9,17,18,20,21,28,31,34,37,44,45
x41|2,5,15,22,23,25,33,35,42,47
x42|7,8,11,17,18,19,20,33,38,44,47
x43|4,13,17,24,25,35,36,39,46,48
x44|4,15,19,20,25,27,28,35,39,50
x45|1,17,18,24,27,28,34,40,42
x46|3,15,21,22,34,35
x47|2,3,9,16,18,21,23,31,37,44,49
x48|2,3,10,14,16,17,27,33,34,35,36
x49|5,8,23,26,31,36,41,46
NEq|x11,x3
NEq|x49,x41
NEq|x0,x28
NEq|x13,x4
NEq|x10,x44
LEq|x9,x20
LEq|x20,x18
LEq|x20,x38
NEq|x0,x1
LEq|x29,x3
NEq|x2,x47
NEq|x38,x30
NEq|x5,x22
LEq|x26,x44
NEq|x22,x0
LEq|x6,x46
NEq|x2,x17
LEq|x10,x13
LEq|x43,x17
NEq|x8,x7
LEq|x49,x33
LEq|x20,x19
LEq|x34,x44
NEq|x3,x32
LEq|x21,x18
LEq|x19,x39
NEq|x47,x30
LEq|x39,x48
NEq|x0,x25
NEq|x34,x13
LEq|x19,x21
NEq|x18,x48
LEq|x37,x9
LEq|x41,x20
NEq|x47,x23
LEq|x44,x5
NEq|x22,x28
LEq|x20,x13
LEq|x36,x7
NEq|x2,x18
LEq|x18,x5
LEq|x13,x41
NEq|x34,x39
LEq|x28,x42
LEq|x33,x22
LEq|x8,x20
NEq|x6,x39
LEq|x40,x32
LEq|x1,x29
LEq|x38,x37
