x0|1,4,7,14,15,18,22,36,41,43,47
x1|2,3,6,7,16,20,23,35,37,39,40,43,45,50
x2|2,3,4,5,9,13,14,17,24,25,29,37,38
x3|3,4,7,8,10,13,14,19,21,22,26,29,36,38,41,46
x4|5,8,18,20,30,31,32,46,48
x5|5,9,23,24,29,32,38,41,47,49
x6|1,11,13,15,24,25,26,28,32,33,41,45
x7|4,13,16,19,24,33,36,38,43,46,50
x8|1,4,9,10,11,14,17,22,25,27,37,38,40,44,49
x9|4,5,6,12,13,20,23,27,30,32,35,38,42
x10|2,15,26,36,43
x11|2,3,8,10,14,23,31,35,36,40
x12|1,4,20,21,23,26,27,28,35,40
x13|2,7,8,10,17,22,25,27,30,36,40,41,45
x14|5,12,16,26,40,45,49
x15|6,8,9,15,23,25,27,30,31,34,45
x16|1,2,4,14,16,20,23,36,37,40
x17|4,7,9,14,16,26,27,29,30,37,40,47,48
x18|4,13,14,16,21,25,30,39,44,45,48,50
x19|1,4,7,14,18,20,22,23,24,26,29,46
x20|4,5,15,17,22,24,30,31,41,48
x21|2,4,5,21,33,34,35,37,48
x22|4,10,28,35,39,40,43,46,50
x23|3,6,7,15,17,21,30,32,38,46
x24|1,2,4,5,6,16,29,40,43,46,49
x25|5,7,17,21,25,26,30,34,38,44
x26|1,4,6,10,16,33,37,39,42
x27|2,7,8,23,28,30,33,40,43,44,50
x28|2,6,12,14,27,32,35,40,47
x29|1,8,11,13,19,20,31,36,45
x30|5,8,14,18,27,30,36,46,49
x31|3,10,13,16,22,28,29,36,43,46,50
x32|7,9,11,24,35,45
x33|1,11,20,25,34,42,45,48
x34|2,11,16,17,18,30,37,45,49
x35|2,7,9,27,37,50
x36|3,10,14,21,23,30,34,41,47,48,50
x37|3,15,16,18,26,29,36,39,46
x38|5,6,8,10,17,19,21,26,35,38,41,44,50
x39|1,3,7,8,9,10,33,35,46
x40|3,8,10,12,13,20,29,32,44,45,46
x41|1,6,7,12,13,24,25,27,28,29,35,42,46
x42|3,10,20,22,30,32,41,48
x43|7,8,11,12,16,29,30,33,34,36,40,42,44,47,50
x44|1,2,3,6,16,23,24,26,38,41
x45|3,4,6,17,20,27,28,42,46,49
x46|12,15,18,23,24,28,30,33,35,37,39,42
x47|2,7,17,19,33,44
x48|1,13,16,19,25,26,27,32,33,36,37,43,48,50
x49|1,4,8,14,17,20,23,24,25,43
LEq|x24,x25
LEq|x24,x5
NEq|x28,x16
LEq|x15,x38
NEq|x8,x11
LEq|x24,x49
LEq|x47,x41
NEq|x49,x32
NEq|x35,x36
NEq|x19,x12
LEq|x27,x21
LEq|x37,x2
NEq|x26,x39
LEq|x49,x15
NEq|x4,x49
LEq|x45,x9
NEq|x11,x39
LEq|x10,x27
LEq|x19,x26
LEq|x28,x32
LEq|x17,x23
NEq|x14,x9
NEq|x47,x36
NEq|x43,x9
LEq|x20,x0
NEq|x3,x29
NEq|x25,x9
LEq|x36,x8
LEq|x40,x12
LEq|x16,x23
LEq|x46,x32
LEq|x37,x21
LEq|x30,x41
NEq|x1,x32
LEq|x12,x15
NEq|x14,x41
LEq|x41,x45
NEq|x41,x18
LEq|x21,x22
NEq|x38,x20
NEq|x6,x22
LEq|x31,x37
NEq|x38,x49
NEq|x37,x16
NEq|x1,x39
LEq|x16,x1
LEq|x27,x44
NEq|x5,x12
LEq|x28,x37
LEq|x28,x6
