x0|1,16,29,30,39,40,41,42,46,50
x1|4,13,15,18,21,25,31,34,35,43,49,50
x2|5,16,21,36,38,44,49
x3|1,2,12,15,27,29,31,33,39,48
x4|1,3,4,5,7,16,17,27,40,41,42,49
x5|1,5,23,26,31,34,36,37,39,45,50
x6|2,3,8,23,24
x7|1,3,5,7,13,25,48
x8|2,8,10,12,15,16,19,22,24,33
x9|1,3,8,18,20,22,24,29,35,36,38,45,47,50
x10|1,15,22,29,30,32,33,42
x11|2,8,18,22,30,33,36,45
x12|1,5,7,13,14,18,20,28,32,42,46,47
x13|1,3,16,21,23,24,30,38,47
x14|2,6,7,10,17,18,27,37,47,48
x15|1,4,5,38,41,42,50
x16|5,12,14,15,17,20,22,29,31,32,35
x17|4,9,21,27,28,37,39,42,48,49
x18|2,16,19,26,32,33,37,41,46
x19|4,8,14,20,36,41,42,43,46,48
x20|2,3,5,6,14,27,29,36,38,42,47,50
x21|2,6,8,34,42,44,48
x22|2,4,8,9,20,22,24,30,33,41,45,46,48
x23|1,5,10,14,15,17,22,27,39,42,48
x24|1,5,8,13,20,27,30,35,40,50
x25|6,9,17,19,24,25,31,33,36
x26|2,4,8,25,28,29,36,39,41,45,50
x27|4,19,20,21,28,35,40,43,45,47
x28|1,3,4,6,9,22,27,37,44,48
x29|1,4,10,11,21,30,44,46
x30|3,14,25,36,37,41,42,45
x31|1,4,5,6,15,18,20,22,28,49
x32|2,4,11,19,21,32,38
x33|1,7,15,18,25,34,41,45,46,47,50
x34|1,5,14,17,25,27,33,37,39,40,42,45,48
x35|2,4,5,11,21,24,25,27,37,42,47
x36|9,23,26,27,28,34,41,44,45,48,49
x37|2,5,6,27,40,48,49
x38|3,5,6,7,11,13,14,22,23,24,35,36,39,42,45,46
x39|3,4,14,17,22,28,30,34,38,44,46
x40|5,8,17,22,27,39,42,45
x41|2,5,19,25,32,36,41,43,47
x42|1,2,3,5,20,27,28,30,33,43
x43|2,4,12,14,20,21,22,25,32,35,37,38,39,40,47
x44|2,3,4,16,24,29,34,39,42,45
x45|4,9,16,20,25,26,31,40,45
x46|1,11,17,27,32,36,37,44,45
x47|2,15,17,20,23,25,32,38,39,43,47,49
x48|3,8,9,16,28,36,41,43,48,49
x49|2,7,9,12,15,17,22,33,44,47
NEq|x34,x12
NEq|x7,x25
LEq|x15,x9
NEq|x1,x20
LEq|x1,x35
LEq|x47,x11
LEq|x11,x42
NEq|x41,x36
LEq|x27,x1
LEq|x14,x8
NEq|x31,x19
LEq|x18,x9
NEq|x23,x0
LEq|x20,x12
NEq|x27,x28
LEq|x10,x23
NEq|x46,x38
NEq|x1,x6
LEq|x33,x14
LEq|x27,x42
NEq|x10,x17
LEq|x30,x26
LEq|x41,x47
LEq|x0,x45
LEq|x10,x1
NEq|x22,x21
NEq|x40,x5
NEq|x23,x24
NEq|x36,x13
LEq|x13,x4
LEq|x26,x47
NEq|x4,x5
NEq|x33,x38
LEq|x17,x14
NEq|x20,x18
NEq|x24,x5
LEq|x11,x4
NEq|x48,x10
NEq|x47,x33
LEq|x10,x27
LEq|x22,x16
NEq|x6,x49
NEq|x32,x8
NEq|x17,x26
LEq|x28,x4
LEq|x24,x17
LEq|x24,x43
LEq|x11,x7
LEq|x31,x9
NEq|x40,x47
