x0|1,12,16,22,23,26,27,41,50
x1|3,5,9,18,30,39,42
x2|2,8,13,14,18,19,28,29,32,34,38,44,50
x3|2,3,6,7,14,31,39,43,47,50
x4|3,14,27,28,33,37,42,48
x5|4,7,17,20,30,38,40,42
x6|2,5,8,18,20,21,22,33,37,42,49
x7|2,4,6,11,16,20,23,25,42,50
x8|2,8,16,21,27,28,29,33,40,41,44
x9|2,14,18,22,30,33,36,37,38,39,50
x10|2,4,6,7,9,10,11,15,19,22,35,36,40,49
x11|10,16,20,22,24,32,41,50
x12|2,3,6,9,17,26,28,37,41,43,46,48,49
x13|2,3,5,14,18,20,29,31,36,37,41,48
x14|4,8,13,25,30,34,43,46,50
x15|3,4,6,7,8,15,19,27,38,45,49,50
x16|6,7,9,18,22,23,24,27,28,33,39,46
x17|1,3,14,18,19,20,25,31,32,36,38,42
x18|1,3,13,16,19,28,29,36,38,39,42,45
x19|2,12,16,17,24,25,28,34,44,47,50
x20|3,23,27,34,36,39,43,44,47,49
x21|3,4,19,31,32,34,36,39,45,48
x22|1,3,13,20,27,32,35,46,49
x23|4,19,20,22,25,31,33,40,42,50
x24|3,5,6,9,13,16,24,33
x25|2,5,7,8,12,15,20,27,31,33,35,41,43,48,49
x26|1,4,5,15,24,26,27,30,32,38,40
x27|1,11,13,16,20,24,30,34,46
x28|2,7,10,15,41,43
x29|3,5,6,12,19,20,28,31,33,43,44,48,49
x30|1,12,19,21,22,24,26,27,29,40
x31|2,6,14,16,23,28,35,39,43,48,49
x32|1,3,21,23,24,34,35,45,46,48,50
x33|1,4,13,17,18,21,41
x34|4,12,17,18,29,30,32,33,39,40
x35|11,28,33,37,38,42,49
x36|1,10,16,23,25,26,31,32,46,49
x37|2,7,10,33,34,38,48
x38|2,9,10,17,26,38
x39|7,10,11,13,16,23,28,33,38,44
x40|2,7,8,19,21,25,40,43,46,47,48
x41|2,17,25,29,34,43,46
x42|5,12,15,18,33,35,36,43,45,47,50
x43|1,4,5,6,8,14,17,18,23,33,36,38
x44|3,4,8,10,11,13,17,21,25,27,39,46,48
x45|2,5,6,11,26,27,28,30,31,35,39,41,43,47,48,50
x46|1,9,12,13,18,22,29,32,33,39,40,46,49
x47|2,5,9,10,12,13,15,16,19,21,25,41,43,44
x48|1,7,10,23,30,36,42,43,49
x49|2,9,15,17,22,28,33,34,36,40,42
NEq|x2,x30
LEq|x29,x23
LEq|x30,x7
LEq|x36,x14
LEq|x38,x34
NEq|x15,x12
LEq|x27,x36
LEq|x8,x1
NEq|x30,x35
LEq|x23,x7
NEq|x4,x18
LEq|x26,x39
LEq|x42,x2
LEq|x25,x19
LEq|x28,x25
NEq|x45,x28
LEq|x24,x37
LEq|x49,x8
LEq|x15,x5
NEq|x47,x37
LEq|x20,x31
LEq|x49,x48
NEq|x0,x33
LEq|x12,x46
LEq|x2,x14
NEq|x44,x2
NEq|x46,x30
LEq|x8,x30
NEq|x2,x24
NEq|x6,x15
NEq|x44,x34
NEq|x4,x12
NEq|x12,x25
LEq|x29,x9
LEq|x2,x32
LEq|x32,x24
NEq|x39,x18
NEq|x30,x12
NEq|x47,x20
LEq|x36,x0
NEq|x25,x6
LEq|x40,x17
NEq|x9,x48
LEq|x25,x5
NEq|x1,x26
NEq|x14,x40
LEq|x24,x22
LEq|x28,x10
LEq|x38,x45
NEq|x11,x21
