x0|2,3,9,22,25,26,33,39,40,46
x1|5,10,15,21,26,28,29,32,39,47
x2|3,5,8,13,19,24,26,28,29,42,44,46
x3|2,5,12,15,21,22,24,25,26,30,32,39,41,48
x4|3,6,8,12,14,20,23,28,29,32,34,41,46,49,50
x5|1,10,14,17,21,23,30,32,36,50
x6|2,7,13,18,20,29,34,38,49
x7|2,4,17,22,25,26,28,32,33,38,39,40,44
x8|3,15,16,33,35,47
x9|2,4,9,21,25,30,32,41
x10|6,10,15,16,22,26,32,33,38,42,44
x11|2,5,17,21,23,27,28,30,34,47,48
x12|2,4,6,7,13,19,22,25,30,35,37,40,47,48
x13|2,5,7,9,13,15,27,30,32,34,45,50
x14|2,11,19,23,31,32,36
x15|1,5,7,11,21,28,35,37,38
x16|4,9,15,18,28,30,36,39,40,46
x17|3,5,9,11,13,15,20,21,22,23,31,35,37,41,44
x18|1,2,3,11,15,17,19,20,30,40,41,47
x19|1,13,17,21,25,40,43,50
x20|5,16,18,23,24,41,44,47
x21|2,7,16,17,19,23,24,26,38,45,48
x22|1,4,6,16,18,31,35,37,42,44
x23|2,15,19,24,28,33,42,43
x24|1,2,9,10,13,14,15,20,21,32,36,38,46,49
x25|4,5,6,16,20,21,29,30,31,34,38,42,43,47
x26|2,13,14,15,17,30,33,39,40,46
x27|2,3,4,6,17,22,27,30,31,32,33,34,36,38,39,40,48,50
x28|1,4,12,14,18,22,23,45
x29|2,5,9,10,21,24,31,32,46,48
x30|7,8,13,14,19,20,27,30,34,37,38
x31|2,6,10,11,12,22,23,24,26,27,42,43
x32|14,18,26,28,33,38
x33|5,22,31,33,34,37,41,42,44,45
x34|1,4,22,23,24,27,33,37
x35|4,9,12,13,17,22,29,31,32,41,42,48,50
x36|1,4,7,9,12,15,24,26,28,33,38,41,44,45,46
x37|1,10,12,14,20,22,24,31,39,45
x38|2,12,17,19,26,28,33,35,46,47
x39|1,17,19,20,26,29,32,35,40
x40|2,3,9,18,19,20,21,25,29,33,41,48
x41|9,26,32,38,47
x42|1,5,16,21,25,29,35,42,44,45,47
x43|6,9,10,11,23,29,30,33,34,35,44,45,46
x44|6,12,13,15,16,27,28,35,40,41,50
x45|4,16,18,20,23,25,27,30,32,34,36,42,48,49
x46|1,4,6,13,18,21,27,32,38,47,48,49
x47|5,9,20,22,26,27,28,33,38,43,49,50
x48|6,16,20,28,29,31,40
x49|3,4,8,12,16,26,36,41
NEq|x36,x29
NEq|x12,x35
LEq|x4,x35
LEq|x15,x43
LEq|x44,x23
NEq|x5,x42
NEq|x13,x0
LEq|x33,x7
NEq|x32,x21
LEq|x3,x10
LEq|x30,x28
LEq|x42,x39
NEq|x15,x38
NEq|x11,x33
LEq|x46,x41
NEq|x11,x38
LEq|x8,x23
LEq|x11,x47
LEq|x32,x1
NEq|x38,x20
LEq|x39,x3
NEq|x10,x18
NEq|x19,x25
LEq|x20,x9
NEq|x10,x23
LEq|x45,x28
NEq|x40,x13
NEq|x47,x49
NEq|x28,x16
LEq|x34,x33
NEq|x40,x42
NEq|x37,x38
NEq|x15,x12
LEq|x13,x19
LEq|x36,x49
LEq|x19,x36
NEq|x49,x25
NEq|x29,x22
NEq|x47,x14
NEq|x35,x3
NEq|x35,x26
LEq|x49,x30
LEq|x29,x4
LEq|x32,x46
NEq|x2,x16
LEq|x4,x39
LEq|x35,x0
LEq|x34,x38
NEq|x43,x5
LEq|x8,x21
