x0|1,2,5,7,8,21,25,26,32,50
x1|1,2,6,14,15,16,31,37,41,42,50
x2|3,4,9,13,19,24,29,50
x3|1,9,15,22,24,25,26,31,38,45
x4|5,7,12,16,20,22,23,34,35,36,43,49
x5|2,3,8,13,19,24,26,31,34,36,37,42
x6|4,5,7,14,17,20,21,22,24,29,31,50
x7|2,6,7,12,20,25,28,30,33,38,50
x8|2,3,6,12,17,26,27,29,30,43,45,49
x9|2,11,14,17,34,35,38,42
x10|1,2,7,8,9,10,11,14,18,20,28,39,45,47
x11|1,8,19,31,36,41
x12|1,2,4,9,10,15,21,23,27,31,35,36,41,45
x13|4,10,11,12,14,16,17,18,19,28,29,30,32,36,50
x14|1,5,6,9,16,24,28,31,33,34,36,40,46,47
x15|1,10,13,15,17,18,19,28,29,30,39,44
x16|1,3,15,22,29,38,41,43,48
x17|1,3,9,17,20,27,31,33,34,41,49
x18|2,5,22,25,26,29,31,33,35,38,47
x19|1,3,13,14,16,29,30,32,36,50
x20|2,7,8,13,15,27,32,34,37,42,47,48
x21|1,3,8,12,29,31,36,45,46,50
x22|5,11,26,27,32,33,39,41,45,46
x23|1,2,8,9,18,27,30,33,39,40,41
x24|2,3,5,9,12,14,16,22,23,30,39
x25|1,2,5,8,14,26,29,34,39,40,43,48
x26|1,3,19,20,32,36,41,45,49
x27|1,2,3,5,12,13,16,18,47,49
x28|7,8,10,12,21,30,34,41,42,48,49
x29|1,6,13,14,16,26,31,32,33,36,46
x30|1,10,17,20,21,22,23,25,30,45,48
x31|1,4,6,18,27,28,30,32,37,38,45,49
x32|2,15,17,24,39,40,41,42,43,50
x33|2,6,10,14,15,18,25,33,36,40,41
x34|2,3,5,11,16,18,19,22,35,37,42,46
x35|4,6,13,14,30,44,46,48
x36|3,11,12,13,18,20,35,39,41,44,46,50
x37|2,6,29,32,41,48
x38|1,2,4,8,9,10,16,17,29,37,41,44
x39|1,8,9,24,30,31,34,35,38,42,43,44
x40|1,6,8,9,17,19,25,28,35,37,44,45,48,50
x41|2,4,18,19,22,27,31,32,35,40
x42|14,19,26,31,32,40,43,44,46
x43|2,13,14,16,18,19,21,31,50
x44|9,32,33,41,43,46
x45|1,2,9,14,16,21,22,25,27,36,38,43,48
x46|4,7,19,26,27,32,35,41,45
x47|1,2,5,12,29,35,38,48
x48|2,11,14,20,23,25,26,36,38,47
x49|1,10,17,22,25,26,32,44
NEq|x40,x9
NEq|x6,x32
NEq|x17,x23
NEq|x26,x18
LEq|x3,x6
LEq|x46,x39
NEq|x29,x33
NEq|x2,x15
LEq|x14,x29
LEq|x49,x7
NEq|x36,x29
LEq|x40,x42
LEq|x10,x29
LEq|x13,x37
NEq|x2,x17
NEq|x18,x34
NEq|x5,x31
LEq|x40,x9
NEq|x11,x29
LEq|x15,x26
LEq|x39,x15
NEq|x23,x48
NEq|x31,x7
LEq|x7,x38
LEq|x27,x24
NEq|x40,x24
LEq|x21,x0
NEq|x34,x28
NEq|x45,x30
NEq|x44,x12
NEq|x28,x21
LEq|x1,x36
NEq|x21,x48
LEq|x29,x13
NEq|x13,x9
NEq|x14,x18
LEq|x20,x3
LEq|x7,x26
LEq|x10,x30
LEq|x47,x15
NEq|x4,x20
NEq|x5,x46
NEq|x4,x0
NEq|x14,x35
NEq|x10,x38
NEq|x37,x7
LEq|x27,x22
LEq|x47,x46
LEq|x26,x23
NEq|x21,x29
