x0|15,16,22,25,27,31,32,37,38,45,47,50
x1|2,19,20,32,33,35,44,50
x2|1,14,17,22,24,25,33,35,40,43
x3|3,7,9,12,14,17,29,31,34,36,40,44,49
x4|2,5,7,11,12,13,14,32,44,45
x5|6,7,12,17,22,23,26,30,33,34,37
x6|2,5,13,26,29,42,46,49
x7|1,5,13,14,15,18,23,26,30,37,43,49
x8|3,7,16,22,37,40,47,48
x9|1,2,6,18,19,22,31,35,49
x10|7,9,10,22,29,31,33,42
x11|2,10,14,16,19,36,37,46,49
x12|2,4,24,26,28,33,34,35,38,43,46
x13|4,5,32,34,36,43
x14|2,3,9,14,16,18,20,28,33,35,36,37,38,45
x15|1,5,12,16,20,22,28,29,45,48
x16|2,6,8,16,19,27,29,33,46
x17|3,12,18,22,25,28,39
x18|10,12,13,16,20,23,31,32,36,47,48
x19|4,5,7,9,10,11,12,14,24,30,44
x20|1,9,14,16,19,24,25,29,33,36,37,38,39,42,48
x21|2,6,10,12,16,19,26,27,29,31,37,40
x22|4,10,14,31,32,36,41,50
x23|1,2,4,8,15,21,29,33,35,46
x24|3,4,5,11,12,14,16,20,39,47
x25|4,12,20,23,35,36,37,41,44,48
x26|2,4,15,20,29,31,32,36,38,45,49
x27|2,9,13,18,20,34,35,39,48
x28|1,2,10,11,13,16,21,34,40,43,46,47
x29|3,12,15,23,25,30,31,33,35,39,42,45,47
x30|3,15,22,26,30,35,49
x31|2,5,14,15,20,23,25,28,44,50
x32|4,6,11,13,15,20,21,22,25,30,35,38,44,45
x33|1,4,18,19,22,23,29,33,34,38,40,50
x34|1,3,9,13,31,32,34,37,41,48
x35|2,17,30,31,34,35,38,39,40,41,45,48
x36|1,5,11,15,17,19,23,26,28,35,36,42,43,49
x37|1,4,6,8,11,17,19,21,23,26,39,50
x38|2,4,5,13,28,43,47,48,49
x39|2,3,7,13,25,26,28,29,30,35,40,43,45
x40|3,6,10,15,17,26,28,31,34,39,46
x41|3,6,8,10,15,16,17,22,35,43,46,50
x42|7,11,15,16,19,20,26,32,36,49,50
x43|2,5,15,18,19,29,37,39,45
x44|3,4,17,18,21,24,30,45,46,47
x45|2,3,4,17,20,24,25,27,30,37,41,45,46
x46|2,5,13,27,30,43
x47|1,3,4,5,10,13,16,27,33,39,42,48
x48|1,4,6,13,14,16,17,25,29,30,35,39,44,50
x49|5,7,8,10,16,17,19,20,32,36,37,39,42,45,49
NEq|x27,x41
LEq|x39,x44
NEq|x29,x31
LEq|x31,x35
NEq|x38,x11
NEq|x2,x44
NEq|x20,x17
NEq|x33,x31
NEq|x25,x3
LEq|x16,x22
LEq|x11,x47
LEq|x27,x31
NEq|x33,x23
LEq|x19,x1
NEq|x32,x26
LEq|x12,x49
NEq|x5,x34
NEq|x40,x36
NEq|x19,x47
LEq|x10,x41
LEq|x9,x22
NEq|x42,x17
LEq|x22,x44
LEq|x30,x48
LEq|x40,x14
NEq|x28,x42
LEq|x14,x43
LEq|x0,x19
LEq|x10,x11
NEq|x24,x39
NEq|x7,x5
LEq|x1,x0
LEq|x24,x3
LEq|x0,x20
LEq|x18,x5
NEq|x39,x12
NEq|x29,x23
NEq|x40,x0
NEq|x39,x17
LEq|x25,x42
NEq|x48,x22
LEq|x3,x45
NEq|x26,x46
LEq|x23,x47
LEq|x2,x37
NEq|x21,x25
LEq|x12,x2
NEq|x4,x1
NEq|x0,x32
LEq|x35,x49
