x0|3,4,9,11,14,21,35,44,47
x1|12,15,20,22,23,25,26,27,30,35,40,50
x2|1,13,19,23,24,29,35,36,43,49
x3|4,19,24,28,29,31,33,35,43,48,50
x4|7,13,15,19,25,30,32,34,39,41,46
x5|3,6,8,11,22,25,27,37,41,49
x6|2,3,10,15,17,22,25,30,38,42,43,44
x7|2,6,11,12,14,19,20,26,34
x8|3,24,26,29,33,36,40,46
x9|1,7,8,9,12,16,17,19,21,27,40,41,42
x10|1,3,6,9,10,31,36,38,45,49
x11|5,10,24,27,28,35,39,49
x12|2,4,5,7,9,14,15,21,23,28,31,42,46,47
x13|3,6,13,17,21,22,23,43,50
x14|1,12,24,26,34,35,41,43
x15|2,3,5,8,15,18,29,33,37,39
x16|4,16,19,21,25,26,31,40,48,50
x17|5,11,22,29,32,34,37,43
x18|1,3,10,11,14,17,19,29,38,45,46,47,50
x19|5,7,12,14,16,19,24,27,30,40,44
x20|2,8,18,21,24,46
x21|1,5,18,19,21,23,26,32,33,39,45,47
x22|5,9,10,19,28,32,37,40,48
x23|6,12,22,26,29,32,40,46
x24|9,10,11,24,25,28,33,36,37,40,45,46,50
x25|2,4,13,28,30,39,40,42
x26|2,4,5,6,11,19,22,37,40,41,42
x27|1,2,11,12,13,14,26,28,29,33,37,46,47,48
x28|1,3,4,7,9,13,15,26,31,44,46,47
x29|3,4,9,13,17,25,27,29,36,39,40
x30|1,21,29,30,33,35,37,41,46,49
x31|1,8,9,13,17,22,31,32,33,35,40,44,47
x32|3,7,11,12,13,14,15,17,26,37,39,43,45
x33|2,15,17,28,49
x34|3,10,11,13,15,19,20,29,33,35,41
x35|1,4,7,9,11,13,17,20,26,31,34,36,40,41
x36|11,26,33,34,36,39,47,48,50
x37|3,22,25,34,35,48
x38|6,7,18,24,26,35,38,46,49
x39|3,5,26,32,36,40,45,50
x40|2,11,16,22,28,30,31,48
x41|1,2,6,10,11,17,26,39,40,45
x42|1,12,21,25,32,39,40,41,44,47,50
x43|9,18,19,22,23,26,32,40,48
x44|18,26,29,34,35,37,38,42,50
x45|5,25,30,32
x46|11,13,14,19,21,22,24,30,33,40,42,43,48,50
x47|2,11,12,13,16,23,26,29,35,47,48
x48|1,3,4,7,13,14,18,19,21,23,31,38,40,47,48,49,50
x49|2,10,17,20,33,39,43
LEq|x35,x0
LEq|x35,x17
LEq|x1,x17
LEq|x15,x5
NEq|x36,x7
LEq|x4,x5
LEq|x10,x9
NEq|x5,x32
LEq|x22,x33
NEq|x9,x3
LEq|x18,x10
NEq|x1,x29
NEq|x20,x33
LEq|x11,x15
LEq|x27,x28
NEq|x22,x34
NEq|x33,x24
NEq|x32,x31
NEq|x29,x17
NEq|x43,x15
LEq|x33,x35
LEq|x12,x6
LEq|x46,x47
LEq|x1,x8
NEq|x29,x4
NEq|x6,x48
LEq|x27,x39
NEq|x45,x23
LEq|x27,x37
NEq|x34,x47
NEq|x24,x3
LEq|x42,x8
NEq|x12,x41
NEq|x26,x22
NEq|x22,x0
LEq|x27,x13
LEq|x18,x8
LEq|x1,x48
LEq|x49,x42
NEq|x10,x31
LEq|x13,x10
NEq|x14,x40
NEq|x37,x12
NEq|x34,x46
LEq|x2,x5
NEq|x30,x45
NEq|x8,x29
NEq|x30,x7
LEq|x30,x35
NEq|x14,x34
