x0|3,7,24,30,32,34,35,43,46,47
x1|9,10,13,15,23,30,33,34,36,38,46
x2|1,2,7,9,12,18,23,28,41,45
x3|2,12,13,15,25,32,35,38,44,48
x4|1,3,6,8,16,17,21,23,24,29,33,35,39,47
x5|2,6,10,16,17,18,19,23,31,38,41,45,48,50
x6|3,6,10,16,18,26,30,31,33,39
x7|6,9,14,19,25,28,29,31,34,43,47,49
x8|3,8,9,13,21,26,28,30,34,48
x9|4,6,9,26,27,29,31,32,35,49
x10|2,5,15,16,20,22,28,33,35,39,50
x11|1,3,9,11,13,14,27,31,38,42,45
x12|2,3,9,16,32,34,45,47,48
x13|1,6,7,12,15,16,19,22,27,28,30,34,39,40,47
x14|2,4,19,35,36,40,41
x15|2,9,15,16,18,22,27,34,37,38,42,45,47
x16|2,3,6,15,17,24,26,27,32
x17|1,5,18,19,25,31,35,36,37,42
x18|1,2,9,11,18,19,34,36,38,44,48
x19|2,6,15,16,24,28,30,38,45
x20|7,16,18,19,23,24,29,31,32,33,38,48
x21|1,8,27,28,33,37,44,45,48
x22|1,3,24,25,28,38,40,48
x23|1,3,5,14,18,19,23,28,30,47,50
x24|1,11,16,21,30,34,37,49,50
x25|1,7,8,11,12,14,16,18,43,45,46,48
x26|2,3,5,18,22,27,29,32,41,48
x27|2,5,6,7,16,22,23,26,39,41,45
x28|9,17,22,25,33,38,39,43,45
x29|7,11,12,14,16,20,28,29,31,32,33,34,36,45,47
x30|1,10,11,12,16,20,29,30,35,43,45,46,49
x31|2,15,24,32,45,47
x32|3,7,9,21,27,29,37,39,48
x33|1,2,6,7,12,20,23,27,33,36,43,47,49
x34|2,6,15,26,30,31,33,36,49,50
x35|1,3,22,23,24,30,39,45
x36|1,7,13,21,28,29,32,39,50
x37|4,15,17,25,28,30,35,36,42,48
x38|1,4,14,21,26,28,34,35,36,40
x39|4,5,8,28,32,34,36,40,43,46,50
x40|4,5,8,10,13,15,16,19,20,21,28,32,34,36,38,48
x41|1,13,15,18,25,27,29,36,50
x42|19,29,30,32,33,40,49
x43|2,3,10,15,16,17,20,22,26,28,35,49,50
x44|1,7,8,24,26,27,33,38,39,42,49
x45|1,3,15,23,39,40,44,46
x46|8,11,12,14,16,19,24,32,33,35,36,40
x47|2,9,19,27,31,33,42,48,50
x48|2,15,21,25,26,41,47,48,50
x49|1,2,7,19,20,23,33,35,40,46,47,48
LEq|x25,x43
NEq|x39,x24
NEq|x26,x36
LEq|x27,x3
NEq|x2,x32
LEq|x44,x16
NEq|x44,x22
NEq|x8,x11
NEq|x4,x17
LEq|x33,x47
LEq|x33,x2
NEq|x34,x6
LEq|x46,x14
NEq|x47,x25
NEq|x46,x41
NEq|x40,x19
NEq|x47,x19
LEq|x36,x17
LEq|x21,x2
NEq|x9,x20
NEq|x9,x15
NEq|x20,x21
LEq|x13,x21
NEq|x7,x9
NEq|x48,x43
NEq|x35,x31
NEq|x47,x42
NEq|x3,x16
NEq|x11,x48
NEq|x35,x44
NEq|x35,x22
NEq|x12,x36
NEq|x32,x17
NEq|x29,x19
LEq|x12,x36
LEq|x13,x46
LEq|x34,x49
LEq|x26,x3
NEq|x25,x26
NEq|x11,x48
NEq|x37,x20
LEq|x3,x49
LEq|x34,x48
LEq|x13,x16
LEq|x32,x29
NEq|x7,x0
NEq|x11,x19
LEq|x6,x10
NEq|x37,x16
NEq|x34,x23
