x0|3,4,5,7,13,23,24,32,41,47
x1|1,5,11,14,17,22,35,37,41,43,46,47
x2|4,6,7,11,20,21,24,26,28,33,34,38,40,42,44
x3|2,18,30,43,44,47,49
x4|2,3,4,5,17,27,30,37,49
x5|1,5,18,20,23,32,33,40,43,47,50
x6|2,5,9,16,21,29,30,32,45,50
x7|2,7,8,13,14,15,33,37,47
x8|2,5,25,29,30,35,36,44,46
x9|11,12,15,16,22,27,33,36
x10|1,5,11,17,19,25,30,33,40,45,46
x11|7,18,23,29,34,36,39,40,42,43,48,50
x12|1,4,12,16,18,19,35,37,42,43,49
x13|2,4,5,16,17,19,27,29,31,32
x14|3,11,14,17,18,20,30,37,38,40,43,46
x15|1,4,6,18,19,20,25,28,29,36,38,45,50
x16|1,6,7,8,11,12,14,21,22,34,36,38,39,47
x17|2,8,9,14,17,18,20,24,25,37,38,46,48,49,50
x18|3,8,10,11,22,28,32,33,40,41,43,49
x19|1,14,22,23,27,30,31,35,37,38,39,40,46
x20|1,6,7,9,14,21,22,23,25,26,28,31,40,41,48
x21|4,10,18,33,38,48,49,50
x22|2,4,9,22,25,28,29,32,40
x23|2,7,12,13,15,19,20,22,32,36,42
x24|1,2,19,26,29,32,33,37,46,47
x25|8,18,27,29,32,38,43
x26|1,12,13,20,31,34,40,45,48
x27|8,9,10,18,23,25,28,31,41,46
x28|9,11,30,32,33,38,39
x29|5,6,7,9,18,24,31,34,37,43,44,46,49,50
x30|2,3,6,9,15,22,23,24,29,43,45,48
x31|3,13,24,27,29,34,36
x32|1,13,15,18,23,24,25,26,28,30,31,32,39,43
x33|3,5,14,25,29,30,31,34,40,43,48,50
x34|5,15,16,21,22,26,27,29,37,39,41,42
x35|1,2,3,5,8,9,12,13,14,17,34,39
x36|5,23,26,30,31,34,41,44,45
x37|3,10,12,15,17,21,23,37,40,45,46,48,49,50
x38|1,2,13,30,37,39,41,44,47,48,50
x39|2,3,5,8,11,12,16,22,23,33,41,44
x40|1,2,5,11,14,17,19,23,29,41
x41|3,4,8,9,10,25,30,32,34,36,44,47,49
x42|3,11,12,14,17,26,29,33,44
x43|5,8,18,21,25,47,49
x44|1,3,5,6,9,10,12,16,17,30,35,39,44,46
x45|1,8,15,18,25,29,46
x46|2,3,10,14,28,32,36,38,41,42,43,46,50
x47|1,3,14,27,32,41,45,46
x48|5,8,21,25,32,40,46,49
x49|1,6,11,15,20,21,30,34,35,36,42,46,49
NEq|x28,x4
LEq|x30,x46
LEq|x9,x22
NEq|x33,x7
NEq|x43,x22
LEq|x22,x42
LEq|x43,x39
NEq|x29,x3
NEq|x38,x11
NEq|x29,x6
NEq|x40,x16
LEq|x24,x48
LEq|x29,x16
LEq|x18,x49
LEq|x41,x12
NEq|x8,x14
LEq|x13,x22
LEq|x18,x22
NEq|x6,x19
NEq|x4,x36
LEq|x29,x12
NEq|x23,x18
NEq|x27,x14
NEq|x17,x48
LEq|x45,x33
LEq|x19,x20
LEq|x44,x39
NEq|x5,x30
LEq|x28,x36
NEq|x46,x2
NEq|x1,x0
NEq|x21,x41
NEq|x25,x10
NEq|x40,x25
NEq|x36,x24
LEq|x6,x18
LEq|x2,x18
NEq|x5,x15
LEq|x19,x14
NEq|x44,x14
NEq|x24,x13
NEq|x48,x35
NEq|x41,x43
NEq|x0,x7
LEq|x29,x37
NEq|x33,x3
LEq|x7,x37
LEq|x23,x29
NEq|x31,x14
NEq|x1,x43
