x0|5,14,15,17,18,20,25,26,30,32,34,37,38,49
x1|3,4,6,7,12,14,23,24,37,42,43
x2|2,9,15,16,26,31,34,35,39,40,41,47,50
x3|1,7,13,18,24,28,44,47
x4|1,8,21,23,27,29,32,33,35,36
x5|2,12,16,34,37,39,42,48
x6|1,11,24,25,30,40,41,44,48,50
x7|1,13,18,22,26,27,28,29,40,42,43
x8|2,4,9,13,17,25,33,36,38,42,46,50
x9|2,3,12,15,25,26,29,33,37,39,45,46,48
x10|1,5,6,7,8,9,22,39,40,43,47,48
x11|1,11,13,14,17,18,26,34,39,43,48
x12|1,5,26,31,38,42,48
x13|1,20,24,27,32,43,47
x14|2,6,9,10,12,21
x15|1,2,4,7,14,23,24,33,37,40
x16|2,9,14,18,20,26,33,35,37,39,49
x17|2,7,14,20,26,28,34,36,38,40,43
x18|9,23,26,30,31,33,37,41,44,45
x19|2,10,14,28,34,38,42
x20|3,11,15,19,30,45
x21|1,7,12,17,22,26,36,37,45,47,50
x22|1,8,12,17,33,35,39
x23|1,2,3,6,7,16,17,18,21,25,43
x24|3,5,14,17,20,22,23,35,38,40,43,48
x25|1,2,6,8,13,16,18,27,29,31,32,41,48
x26|1,13,14,21,29,38,49
x27|1,5,6,12,21,23,24,27,31,34,37
x28|4,6,8,9,15,16,17,18,23,25,27,29,40,44,49
x29|9,14,24,26,29,30,35,47,49
x30|3,20,21,31,35,50
x31|2,3,15,22,30,39,41,44,45
x32|1,9,15,31,34,38,39,47,48,50
x33|2,6,7,9,14,28,31,36
x34|3,9,10,15,18,22,23,24,31,32,35,36,37,41,46,47,49
x35|2,8,10,15,26,29,30,42
x36|1,3,12,17,19,21,26,29,34,42
x37|2,12,13,23,27,36,37,40,50
x38|4,7,9,13,14,16,17,19,21,31,35,36,40,46
x39|1,4,7,13,20,24,29,33,41
x40|2,4,6,15,19,32,34,39,40,41,43,49
x41|3,6,20,26,29,30,37,38,39,41,50
x42|1,2,5,17,18,23,28,33
x43|2,5,10,13,25,30,31,33,47,49
x44|2,6,9,11,16,19,26,27,38,47,50
x45|1,4,10,18,23,45,48
x46|3,6,8,12,22,25,29,32,44,45
x47|1,4,5,6,9,16,23,31,37,43,50
x48|1,6,9,24,26,27,33,42,45,46,48,49
x49|3,4,6,7,10,12,20,30,31,43,47,48,50
LEq|x16,x37
LEq|x11,x27
LEq|x47,x11
NEq|x22,x29
LEq|x18,x36
NEq|x12,x40
LEq|x23,x11
LEq|x20,x41
LEq|x47,x2
LEq|x48,x30
LEq|x7,x10
NEq|x15,x24
NEq|x26,x48
LEq|x11,x0
LEq|x10,x4
NEq|x47,x26
LEq|x11,x45
NEq|x37,x12
NEq|x23,x43
NEq|x3,x30
LEq|x33,x42
LEq|x4,x24
LEq|x41,x47
NEq|x19,x9
LEq|x45,x10
LEq|x29,x18
NEq|x47,x2
LEq|x2,x5
NEq|x8,x27
NEq|x4,x22
LEq|x9,x0
NEq|x49,x13
LEq|x33,x30
LEq|x18,x14
LEq|x43,x9
NEq|x6,x21
LEq|x26,x49
LEq|x43,x4
LEq|x24,x46
NEq|x34,x49
LEq|x17,x49
LEq|x46,x30
NEq|x7,x23
NEq|x21,x24
NEq|x35,x37
NEq|x45,x16
LEq|x24,x10
LEq|x33,x43
LEq|x27,x45
LEq|x35,x3
