x0|1,2,6,16,17,20,32,33,39,40,42,44,45
x1|1,4,8,15,19,29,32,33,42,43
x2|2,5,7,11,28,30,33,39
x3|2,5,20,24,32,39,40,42,49
x4|9,11,19,28,36,42,43,47,49
x5|4,5,8,9,29,31,36,40,41,48
x6|6,7,8,9,42,45,48,49,50
x7|1,8,10,14,17,27,36,41
x8|3,6,9,10,14,16,20,23,25,27,34,41,42,43
x9|6,12,14,17,18,28,40,41,45,48
x10|2,10,14,18,25,26,30,31,42,43
x11|2,11,18,22,34,43
x12|1,4,12,16,22,29,30,41,43,46,47,48
x13|2,3,5,9,17,27,34,35,47,48,50
x14|2,6,22,29,37,38,40,47
x15|2,4,12,13,17,19,22,27,44,46,50
x16|2,3,4,22,33,34,35,36,42,50
x17|3,5,9,33,35,37,40,41,44,49
x18|1,2,5,7,14,17,20,22,26,29,37,48
x19|4,5,7,11,28,29,31,39,43,50
x20|4,7,22,23,28,31,36,44,50
x21|2,4,14,15,18,29,31,39
x22|1,3,5,11,12,13,16,31,41,45,47
x23|1,5,8,9,16,18,32,34,35,37,46,49
x24|2,4,11,17,19,20,21,23,27
x25|1,4,13,16,20,22,24,27,30,33,35,36,37,44,45,47
x26|1,4,5,23,26,27,34,41,43,47
x27|1,4,7,18,21,24,29,30,36,41
x28|1,9,11,16,28,31,35,38,44,48
x29|1,5,6,13,19,26,28,29,32,33,35,37,48,50
x30|8,11,12,14,26,31,33,37,39,41
x31|2,4,7,10,16,20,21,23,35,46
x32|2,3,5,7,8,11,15,24,33,34,48
x33|1,8,9,15,22,30,35,42,48
x34|1,4,9,20,21,23,25,30,33,41
x35|8,12,16,19,31,34,40,47,48
x36|1,2,3,4,19,29,39,41,42,44,46
x37|12,13,15,17,21,28,32,35,48
x38|3,6,8,12,25,29,30,33,35,38,40,43,47
x39|8,11,12,13,18,21,28,30,41,42,46,49
x40|3,6,7,9,19,26,29,32,38,43,45,48
x41|1,3,4,5,28,30,36,41,48,49,50
x42|4,6,14,15,31,43,46
x43|1,2,6,11,16,17,24,32,37,38,44
x44|1,20,22,31,32,38,39,46
x45|1,10,14,15,17,18,28,29,36,50
x46|4,5,20,25,31,32,37,42
x47|23,24,26,28,32,33,35,39,40
x48|2,6,10,11,12,14,15,26,27,39,40,45
x49|1,18,20,34,39,41,44,47,49
LEq|x40,x14
NEq|x41,x31
LEq|x19,x44
NEq|x6,x14
LEq|x13,x22
NEq|x41,x38
LEq|x21,x40
LEq|x37,x5
LEq|x40,x25
LEq|x49,x34
LEq|x5,x46
NEq|x45,x25
NEq|x39,x20
NEq|x7,x10
LEq|x23,x14
NEq|x25,x14
NEq|x47,x35
LEq|x33,x31
NEq|x39,x2
LEq|x27,x5
NEq|x45,x27
NEq|x43,x6
NEq|x2,x45
NEq|x9,x3
NEq|x24,x8
NEq|x44,x13
NEq|x49,x6
NEq|x10,x3
NEq|x43,x17
NEq|x31,x2
LEq|x24,x3
NEq|x36,x46
LEq|x24,x26
LEq|x22,x9
LEq|x28,x1
LEq|x23,x36
NEq|x13,x30
NEq|x14,x39
LEq|x44,x10
LEq|x46,x10
LEq|x17,x34
NEq|x19,x27
NEq|x27,x43
NEq|x6,x31
LEq|x27,x30
LEq|x3,x26
LEq|x6,x32
NEq|x16,x20
NEq|x6,x18
NEq|x30,x8
