x0|1,7,12,15,16,18,27,45,48
x1|6,7,9,15,29,31,34,44,48,49
x2|5,7,9,14,19,20,22,27,28,34,35,36,38,41,42,49
x3|2,12,17,21,35,36,38,42
x4|1,3,4,5,6,14,18,19,22,23,25,36,44,48,50
x5|3,9,14,21,30,33,43,44,45,47,49
x6|1,4,8,13,18,21,25,33,35,38,42
x7|11,14,17,23,27,32,41,46,50
x8|2,5,10,12,17,18,23,28,32,36,40,41
x9|6,7,18,19,22,30,32,34,35,46,50
x10|3,7,15,20,21,28,35,42,44
x11|9,11,14,15,16,24,27,32
x12|2,12,16,23,24,39,48
x13|1,12,19,21,22,30,38,43,50
x14|16,27,28,29,36,41,43,46
x15|1,2,3,14,19,21,25,27,33,41,47,50
x16|1,7,21,24,25,29,31,32,37,39,42,45,50
x17|2,3,4,5,6,7,20,29
x18|3,6,8,9,14,16,21,27,28,32,40,46
x19|1,2,13,15,18,20,25,28,31,33,43
x20|1,17,19,21,25,35,39,43,44,45,49
x21|1,7,17,18,19,37,38,41,42
x22|2,5,6,7,8,15,17,18,27,29,39,42
x23|2,35,36,41,45,46,48,49,50
x24|2,3,4,8,14,26,30,42,45,46
x25|3,6,8,9,15,16,29,31,40,41,47,48
x26|3,8,18,19,24,27,46,49,50
x27|1,2,17,23,25,28,29,36,41,46,47
x28|4,7,23,26,28,29,31,32,33,41,43,48
x29|3,6,12,14,23,28,32,41,44,48
x30|2,4,16,21,28,30,39,41,43
x31|2,5,10,12,18,33,40,42,47,48
x32|6,21,23,24,27,37,46,47,48,50
x33|1,2,3,5,15,16,21,32,34,39,43,46
x34|2,18,19,32,33,38,46,47,49
x35|5,10,12,21,22,23,30,36,39,45,49,50
x36|2,5,7,21,22,33,45
x37|3,23,28,38,41,42,44,45
x38|5,8,19,23,32,39,41,45,47,48
x39|7,13,14,18,20,22,35,37,38,41,48,49
x40|7,10,23,37,49
x41|2,5,6,15,17,19,25,26,27,50
x42|1,6,14,15,19,20,21,23,27,37,45,50
x43|1,2,3,13,26,27,29,32,34,38,48,49
x44|6,13,14,17,21,28,32,37,41,43,49
x45|1,2,5,6,7,8,13,23,25,28,33,34,36,41
x46|1,7,10,15,16,17,19,20,28,29,32,38,41
x47|2,7,24,31,42,45,46,50
x48|3,7,13,18,21,28,31,35,36,38
x49|1,4,9,11,12,21,27,36,39,41,44,48,50
NEq|x45,x23
NEq|x34,x21
LEq|x2,x17
NEq|x45,x48
NEq|x2,x19
NEq|x3,x2
NEq|x7,x10
LEq|x21,x18
LEq|x45,x15
LEq|x10,x20
LEq|x33,x40
NEq|x11,x12
NEq|x39,x25
LEq|x24,x12
NEq|x15,x22
LEq|x0,x28
LEq|x39,x38
NEq|x18,x6
NEq|x40,x33
LEq|x35,x26
LEq|x14,x10
NEq|x33,x14
NEq|x42,x47
LEq|x44,x3
LEq|x37,x38
NEq|x29,x3
LEq|x10,x18
LEq|x11,x38
LEq|x26,x33
LEq|x0,x45
NEq|x26,x36
LEq|x14,x21
NEq|x16,x48
LEq|x1,x18
LEq|x26,x15
NEq|x30,x3
NEq|x5,x25
LEq|x10,x47
LEq|x25,x12
LEq|x32,x12
LEq|x38,x24
NEq|x4,x48
NEq|x45,x48
NEq|x31,x35
LEq|x24,x46
LEq|x30,x32
LEq|x23,x5
LEq|x3,x46
LEq|x13,x33
NEq|x12,x30
