x0|1,8,11,15,20,25,28,32,41,42,49
x1|2,5,33,38,41,43,47
x2|3,6,9,18,25,30,31,32,34,36,42,48
x3|1,2,9,16,20,36,37,39,42
x4|1,5,8,13,14,15,19,20,21,27,32,33,34,39,43,50
x5|2,20,21,24,27,31,39,46,50
x6|2,6,7,10,13,14,16,23,27,44
x7|1,3,5,19,22,25,27,34,39,43,44,49
x8|1,5,12,27,28,37,38,40,45,47,50
x9|3,6,19,20,23,32,45,48
x10|5,6,10,12,23,25,33,35,37,41,42,45,47
x11|1,3,14,15,17,20,22,23,24,28,31,36,38,44
x12|2,5,7,11,18,22,25,26,27,29,39,40,47,48,50
x13|2,5,7,10,17,23,35,38,42,44,49
x14|4,5,11,13,17,20,21,23,32
x15|7,18,27,33,36,43,45,48
x16|1,8,12,16,28,31,33,43,46,48
x17|1,4,10,12,13,18,21,30,31,36,45
x18|1,3,11,14,16,17,22,26,30,34,35,43,46,47
x19|2,5,10,14,20,23,33,42
x20|2,3,5,14,18,19,23,26,33,37,39,41,48
x21|1,4,6,11,16,18,22,28,29,33,49,50
x22|1,18,34,41,45,47
x23|3,9,13,14,29,30,37,39,41,46,50
x24|4,13,15,18,19,21,24,26,27,29,41,44,45,48,49
x25|3,7,12,13,19,21,25,31,32,40
x26|1,3,13,16,20,21,23,24,26,31,34,37,42,43,49
x27|4,18,20,21,37,38,44,45,48
x28|5,13,17,20,27,28,33,37,38,39
x29|2,3,11,15,22,24,25,28,30,34,36,46
x30|1,4,8,30,39,47,48,50
x31|3,4,5,17,26,29,50
x32|1,2,9,13,15,16,21,23,25,29,32,36
x33|6,12,26,31,32,34,44,46,47,49
x34|2,18,23,26,29,34,36
x35|8,12,17,28,33,40,47,48
x36|1,19,20,21,32,34,37,39,48
x37|17,18,25,28,31,34,35,41,50
x38|1,2,7,16,27,34,36,41,48
x39|1,11,15,16,22,27,31,32,44,46
x40|4,6,10,13,23,25,28,29,33,34,42,43,44,45
x41|2,6,12,18,31,36,39,40,47
x42|2,11,14,23,28,31,34,36,37,39,40,41,43,48
x43|1,7,10,24,25,31,32,33,40
x44|2,3,7,9,10,15,18,31,32,37,40,43,46,50
x45|2,7,10,14,17,21,33,35,36,39,40,42,43
x46|5,6,9,14,20,22,23,27,35,39,42,45,48,49
x47|1,4,29,39,44
x48|1,3,10,11,18,19,24,25,29,34,36,38,40
x49|17,23,24,34
NEq|x16,x12
LEq|x36,x24
LEq|x2,x42
NEq|x6,x10
LEq|x2,x38
LEq|x12,x2
LEq|x45,x20
LEq|x6,x19
NEq|x28,x41
NEq|x15,x3
LEq|x33,x4
LEq|x49,x38
LEq|x45,x15
LEq|x31,x42
LEq|x0,x28
LEq|x26,x41
LEq|x29,x27
LEq|x22,x29
LEq|x32,x4
NEq|x27,x0
LEq|x40,x33
NEq|x31,x33
NEq|x35,x19
NEq|x26,x41
LEq|x14,x39
LEq|x29,x20
LEq|x5,x4
LEq|x41,x14
LEq|x40,x3
NEq|x26,x45
NEq|x25,x32
NEq|x35,x43
LEq|x10,x21
LEq|x43,x29
NEq|x43,x34
LEq|x11,x9
NEq|x18,x41
LEq|x28,x48
NEq|x3,x0
LEq|x37,x32
LEq|x0,x31
NEq|x17,x16
NEq|x20,x31
LEq|x27,x10
LEq|x1,x5
LEq|x18,x26
LEq|x2,x23
NEq|x43,x23
NEq|x24,x49
NEq|x34,x13
