x0|17,20,25,33,38,43,44,45,46,50
x1|2,13,15,24,26,29,34,37,48
x2|2,3,4,6,12,14,22,25,26,30,33,41,42,46,47
x3|1,3,7,12,15,18,20,31,33,40,41,46,48
x4|1,13,18,22,25,30,38,43,44,45,46,47
x5|3,4,5,9,11,19,25,28,31,33,43,48,49
x6|2,6,14,20,21,24,32,35,43
x7|1,8,12,15,17,24,29,30,44
x8|5,8,10,17,20,27,35,43,45,46,49
x9|1,4,7,24,30,39,41,42,46,47,48,49
x10|2,3,4,9,10,21,22,29,34,36,41,44,48
x11|6,11,29,34,35,37,39,44,46,48
x12|1,5,15,27,29,42,44,47
x13|1,5,10,22,27,31,37,38,40,42
x14|1,8,12,19,28,35,43,44,48,50
x15|2,11,12,13,19,20,24,26,31,35,36,39,46,50
x16|1,5,12,17,30,37,50
x17|1,4,7,8,11,38,40,49,50
x18|2,7,8,18,27,29,35,46
x19|2,8,24,32,33,35,49
x20|4,9,20,22,24,26,29,36,42,44,48
x21|1,4,12,25,28,32,33,35,36
x22|1,4,12,18,25,27,45,50
x23|7,9,10,16,27,29,31,32,39,40
x24|2,3,9,11,14,16,18,24,30,38
x25|5,10,15,19,38,39,42,45,48
x26|1,5,7,8,10,35,37,40,41,44
x27|1,3,5,10,14,15,19,24,35
x28|1,4,9,10,19,20,23,27,40,43,45,46,47
x29|1,2,7,10,17,31,33,36,41,44
x30|6,8,12,13,19,25,29,32,38,41,47
x31|3,4,6,7,9,16,31,46
x32|3,9,19,21,23,26,42,44
x33|1,2,6,11,12,14,26,35,38,39,41
x34|1,4,8,15,17,20,30,33,35,36
x35|1,12,14,29,31,33,42,44
x36|2,4,19,25,26,28,30,31,38,41,42,43,45,48
x37|1,3,5,16,20,22,36,40,42,43,50
x38|2,10,29,31,34,36,38
x39|1,4,21,23,29,32,33,36,39,42
x40|3,22,41,44,45,47
x41|1,2,5,7,8,16,23,29,31,32,36,43
x42|4,6,7,14,15,23,26,28,33,36,42,43
x43|1,9,14,24,28,32,36,37,38,43
x44|3,4,6,7,9,33,36,40,47
x45|1,5,6,12,15,16,19,24,26,39,49
x46|1,3,13,23,26,27,31,41,48,49
x47|3,9,19,22,26,34,43,45
x48|1,3,6,8,9,26,38,40
x49|1,2,3,8,10,11,17,19,29,33,35,38,40,42,43
NEq|x36,x19
LEq|x33,x29
LEq|x21,x6
NEq|x6,x25
NEq|x37,x5
NEq|x33,x27
NEq|x34,x40
NEq|x47,x2
NEq|x41,x48
LEq|x27,x16
LEq|x10,x35
LEq|x48,x39
NEq|x43,x0
NEq|x39,x11
LEq|x34,x3
LEq|x7,x37
NEq|x42,x14
NEq|x46,x36
LEq|x6,x4
LEq|x13,x5
LEq|x23,x38
LEq|x8,x23
LEq|x49,x46
LEq|x33,x4
NEq|x4,x9
LEq|x40,x39
NEq|x39,x7
NEq|x48,x39
NEq|x7,x40
NEq|x44,x30
NEq|x5,x40
NEq|x23,x4
NEq|x40,x44
LEq|x47,x6
LEq|x23,x16
LEq|x46,x34
NEq|x11,x12
NEq|x47,x17
NEq|x3,x40
LEq|x15,x9
NEq|x7,x24
NEq|x11,x27
LEq|x30,x42
LEq|x10,x39
LEq|x30,x39
NEq|x29,x10
NEq|x17,x25
NEq|x23,x42
LEq|x1,x27
NEq|x49,x43
