x0|1,7,8,19,25,26,38,42,47
x1|1,5,9,10,12,13,15,23,30,38,41,50
x2|1,4,6,16,20,22,24,30,33,38,45,46
x3|2,11,16,26,27,31,32,42,46,48
x4|1,5,17,21,30,31,32,35,37,49,50
x5|1,3,19,20,26,27,33,36,41
x6|7,8,9,11,13,15,20,21,23,26,28,29,30
x7|2,5,6,10,14,19,33,40,41,50
x8|1,2,4,10,12,14,15,20,21,23,25,27,29,30,44,45
x9|5,6,11,13,19,23,29,47
x10|1,2,3,16,28,31,32,36,42,47,48,49
x11|8,19,27,35,41,46,48
x12|1,12,17,22,24,27,28,39,46
x13|6,12,14,22,24,25,27,28,30,39,40,41,49
x14|7,9,21,25,50
x15|1,11,12,13,15,17,19,22,26,32,37,42,44
x16|2,4,7,13,14,21,29,37,40,43,46,50
x17|1,2,5,16,19,26,27,37,39
x18|1,11,15,20,34,39,50
x19|5,8,20,30,32,35,38
x20|2,3,6,10,11,17,29,32,33,34,36,44,49
x21|1,2,23,25,31,45,50
x22|3,4,5,13,26,31,33,34,35,40,41,47,50
x23|2,10,26,31,32,34,37
x24|2,4,7,9,17,24,25,27,34,45,46
x25|7,11,14,16,17,27,29,38,39,41,44,45
x26|3,5,8,12,20,21,22,28,30,35,38,41,47,49
x27|2,13,21,22,23,26,29,33,35,38,41
x28|1,3,5,7,18,27,30,35,42,43,45
x29|2,3,8,19,23,26,29
x30|1,19,23,32,36,42
x31|1,19,26,28
x32|2,5,6,8,11,24,38,42
x33|2,11,18,20,22,23,26,32,34,40,42,47,50
x34|11,12,13,19,20,24,32,35,36,44,46,48
x35|1,17,26,34,35,39,40,45
x36|1,2,4,7,8,9,14,15,32,47,49
x37|2,4,9,16,19,30,33,35,39,43,49
x38|2,3,8,24,25,26,28,29,32,33,39,40,47,50
x39|2,4,11,20,24,36,44,48
x40|5,14,17,18,21,29,33,37,50
x41|1,3,4,8,13,21,30,37,46,48
x42|2,7,11,12,22,32,41,43,50
x43|4,9,17,22,23,25,28,30,35,48,49
x44|2,4,14,20,21,24,27,40
x45|13,15,19,29,34,35,40,41,44,49
x46|10,12,27,30,32,40,43,50
x47|3,7,8,12,18,19,25,26,30,35
x48|5,8,11,18,19,21,25,26,31,34,37,38,47
x49|5,19,21,24,25,31,36,38,44,45
NEq|x21,x44
LEq|x40,x18
LEq|x15,x35
NEq|x3,x40
LEq|x43,x29
LEq|x28,x14
NEq|x18,x37
LEq|x3,x21
NEq|x4,x1
LEq|x22,x3
NEq|x9,x25
NEq|x1,x22
NEq|x27,x44
NEq|x29,x17
LEq|x1,x35
LEq|x5,x7
NEq|x12,x4
LEq|x21,x2
LEq|x40,x28
NEq|x10,x30
NEq|x11,x5
LEq|x42,x2
LEq|x7,x11
NEq|x38,x35
LEq|x17,x26
LEq|x14,x19
NEq|x48,x12
NEq|x27,x39
NEq|x6,x26
LEq|x41,x43
NEq|x7,x38
NEq|x17,x1
LEq|x34,x44
NEq|x42,x5
LEq|x48,x8
NEq|x8,x10
LEq|x34,x48
LEq|x39,x12
LEq|x37,x13
LEq|x15,x9
NEq|x16,x19
LEq|x15,x47
LEq|x4,x8
LEq|x42,x26
LEq|x42,x1
NEq|x16,x25
NEq|x41,x36
LEq|x35,x2
LEq|x20,x37
NEq|x33,x48
