x0|2,5,8,9,22,29,32,46,50
x1|1,2,14,18,21,22,24,30,31,34,38,39,43,49
x2|3,6,22,28,29,31,35,37,41,42
x3|1,2,8,11,13,20,22,25,27,39,45,49
x4|1,3,9,10,14,17,18,22,30,34,40,48
x5|3,14,15,16,17,27,37,42,44,45,47,48,50
x6|3,4,6,14,15,18,24,29,30,36,50
x7|1,24,26,27,28,35,36,38,46
x8|6,7,16,18,22,23,26,34,44,49,50
x9|2,5,13,14,17,18,23,26,29,42,43,45,50
x10|1,2,6,10,11,21,32,40
x11|4,5,14,20,25,26,30,31,33,38,41,43
x12|1,7,8,9,23,40,41,45,46,47,48
x13|3,5,9,14,17,19,27,31,38
x14|3,6,13,19,21,31,36,42,49
x15|4,7,8,14,15,27,34,39
x16|8,11,18,22,25,29,35,37,40,43
x17|1,6,9,10,11,12,13,22,25,38,40,43,44,45
x18|4,8,10,11,17,22,25,32,34,38,47,49
x19|15,23,24,32,33,36,37,39,43
x20|3,14,21,27,38
x21|3,12,26,29,32,33,35,37,48
x22|2,4,7,15,18,19,24,28,32,33,36,37
x23|12,18,27,32,39,41,46,50
x24|1,5,8,13,21,26,28,34,39,46
x25|1,6,17,26,37,46,49,50
x26|5,7,10,13,17,20,23,24,28,32,35,37,40,42,43
x27|2,9,11,13,27,32,38,40,43,47,49
x28|1,3,10,14,19,24,25,27,29,34,46
x29|2,5,9,21,24,25,28,29,32,34,43,45,50
x30|1,13,30,32,35,37,38,45,49
x31|1,10,11,18,31,37,41,44,45,48
x32|2,12,14,17,21,22,24,33,42,43,49
x33|1,8,16,19,37,38,39,47,48,50
x34|2,4,5,8,17,19,21,26,28,29,39,43,45,48
x35|1,2,10,14,20,24,32,34,35,47,49
x36|2,8,10,11,20,27,33,43,44,45,48
x37|1,8,11,15,16,19,25,26,32,43,46,48,50
x38|2,5,10,12,16,18,26,28,35,37,40,48
x39|5,6,7,15,16,22,25,27,39,41
x40|1,5,25,33,35,46,48,50
x41|1,2,17,26,27,33,36,38,42,45
x42|1,14,17,31,42,46
x43|9,14,24,28,34,40
x44|1,10,12,13,15,17,19,25,32,45,48
x45|1,3,11,17,18,23,28,32,33,38,43,47,48
x46|12,13,14,19,24,25,30,34,41,42,46
x47|3,4,7,8,12,19,23,25,29,41,47,48,50
x48|2,4,6,12,16,30,37,39,44
x49|10,14,15,22,29,32,39
NEq|x6,x36
NEq|x40,x9
LEq|x34,x0
NEq|x29,x40
NEq|x36,x42
LEq|x47,x13
LEq|x37,x10
LEq|x49,x39
LEq|x16,x3
NEq|x0,x22
NEq|x1,x36
NEq|x46,x45
LEq|x8,x49
NEq|x43,x40
NEq|x49,x9
LEq|x45,x17
LEq|x12,x7
LEq|x41,x48
NEq|x47,x19
NEq|x4,x45
LEq|x4,x47
NEq|x44,x38
NEq|x10,x6
NEq|x24,x17
LEq|x6,x37
NEq|x8,x10
LEq|x10,x9
NEq|x46,x26
LEq|x45,x13
LEq|x3,x49
LEq|x41,x8
NEq|x5,x33
NEq|x23,x22
NEq|x47,x28
NEq|x24,x18
LEq|x45,x32
NEq|x29,x41
LEq|x23,x44
LEq|x24,x39
LEq|x28,x24
NEq|x47,x36
NEq|x4,x21
LEq|x29,x22
LEq|x17,x29
NEq|x45,x10
LEq|x16,x34
LEq|x36,x31
NEq|x48,x49
LEq|x27,x33
NEq|x32,x23
