x0|5,8,26,29,30,33,39,40,41
x1|1,9,10,11,12,35,44
x2|3,7,13,18,20,27,28,30,32,43,44
x3|2,8,11,17,23,24,30,35,38,39,42,44
x4|2,3,4,10,22,30,32,35,48
x5|3,4,9,10,11,14,17,27,28,41,42
x6|4,11,15,16,18,24,28,45,47,48,49
x7|2,8,23,24,30,34,37,42,47
x8|3,13,21,26,33,39,40,41,45,46
x9|1,2,5,8,11,13,19,22,32,45,46,48
x10|6,14,15,17,27,30,31,33,34,37,45,47,48,49
x11|1,2,16,17,18,20,21,29,33,34,45,48
x12|1,4,7,8,11,12,19,28,34,45,49
x13|2,3,18,27,28,29,30,37,39,40,45
x14|4,11,19,40,44,45,47
x15|1,4,5,7,13,17,18,22,27,29,35,44
x16|1,8,11,19,24,33,37,43,44,45,47,48
x17|3,6,12,13,23,32,45,47
x18|2,4,5,8,9,17,20,21,32,39
x19|1,2,13,17,19,21,30,36,39,43
x20|4,9,14,15,21,23,46,50
x21|2,11,25,33,36,40,49
x22|4,6,9,14,17,20,29,30,41,43,44,47,48
x23|6,22,25,32,37,44
x24|5,15,16,20,21,24,31,35,46
x25|8,10,15,19,25,33,34,41
x26|3,8,10,13,15,18,25,45
x27|6,13,20,21,25,32,40,49,50
x28|1,4,6,17,19,23,28,30,34,39,41,44
x29|2,3,21,22,31,32,35,46,48
x30|1,3,4,10,13,15,16,22,24,28,35
x31|1,3,9,20,26,31,33,44,48,50
x32|1,8,26,31,35,39,43
x33|5,9,13,18,20,35,36,37,45,47
x34|2,3,12,22,34,36,41,45,50
x35|3,7,12,15,17,21,29,32,33,36,45,46,48
x36|2,5,9,10,11,12,22,24,25,28,33,44
x37|1,8,11,15,17,27,34,35,47,50
x38|1,9,20,22,25,26,32,33,39
x39|3,4,5,8,10,13,19,23,26,30,31,32,37,40
x40|6,13,21,25,31,32,43,46,47
x41|3,5,10,15,18,35,40,41,42,47,49
x42|3,6,7,10,16,18,21,22,23,29,39,41,44,48
x43|3,7,9,11,16,17,19,20,24,25,30,32,43
x44|2,3,6,11,15,23,28,29,32,36,47
x45|2,7,8,9,11,13,21,22,24,28,30,50
x46|1,3,12,27,31,33,34,41,43,44,47
x47|4,9,10,11,12,13,15,23,31,32,36,40
x48|4,7,32,35,37,38,47,48,50
x49|2,14,18,20,24,26,30,34,38,42,44
LEq|x37,x41
NEq|x36,x22
NEq|x22,x13
LEq|x21,x43
LEq|x36,x29
LEq|x19,x41
LEq|x21,x16
NEq|x10,x0
NEq|x22,x9
NEq|x0,x37
NEq|x49,x21
LEq|x29,x13
LEq|x0,x15
NEq|x38,x45
NEq|x13,x3
LEq|x18,x30
LEq|x1,x15
NEq|x1,x27
LEq|x41,x39
NEq|x17,x2
NEq|x7,x28
NEq|x38,x4
LEq|x27,x21
NEq|x4,x14
LEq|x26,x21
NEq|x41,x20
LEq|x1,x33
NEq|x36,x19
NEq|x1,x46
LEq|x33,x17
LEq|x15,x24
NEq|x4,x16
NEq|x19,x17
NEq|x18,x12
LEq|x32,x31
NEq|x23,x20
NEq|x24,x44
LEq|x2,x45
LEq|x24,x30
NEq|x32,x14
LEq|x29,x7
LEq|x18,x43
NEq|x44,x49
NEq|x11,x43
LEq|x1,x19
NEq|x40,x30
NEq|x4,x28
NEq|x43,x45
NEq|x29,x34
NEq|x27,x39
