x0|3,9,12,20,22,25,33,35
x1|3,4,5,7,10,19,20,27,29,43,44,48
x2|1,7,14,29,30,32,37
x3|3,10,14,22,27,29,32,35,41,43,47
x4|1,14,18,21,27,36,50
x5|3,8,9,14,15,18,20,22,27,28,30,45
x6|4,9,12,14,17,20,24,31,32,35,42,48
x7|1,3,14,19,21,31,34,35,40,41,45,48
x8|2,4,8,12,14,15,23,24,29,35,43,48,49,50
x9|4,9,17,18,19,28,32,42
x10|2,3,14,21,24,29,35
x11|4,6,7,8,11,14,15,24,25,33,37,50
x12|1,3,16,17,19,32,42
x13|6,10,14,16,24,28,33,35,42,47,50
x14|1,4,22,23,25,28,40,41,49
x15|2,4,5,13,18,23,29,36,46,47
x16|3,16,18,19,21,22,47
x17|5,13,19,21,24,25,30,37,38,39,42,43,46
x18|4,17,21,23,26,32,43
x19|1,6,7,15,24,26,31,32,40,42,43
x20|1,10,15,34,36,41,42,47
x21|4,8,11,12,13,14,25,33,46,48
x22|1,16,17,26,27,28,34,38,42,45
x23|1,2,9,10,19,21,26,37,48
x24|1,9,10,22,27,31,33,35,41,50
x25|3,6,19,27,42,48,49
x26|1,18,22,26,30,40,43,45,47,49,50
x27|4,7,35,40,42,44,46,47,50
x28|1,9,10,14,15,21,39,40,41,43,44
x29|2,7,9,31,33,35,50
x30|4,8,10,12,14,17,21,22,25,32,35,40,45
x31|1,6,10,11,13,21,24,30,31,34,41,46,49
x32|2,6,8,11,15,23,30,36,38,43,49
x33|4,8,9,11,14,16,23
x34|3,4,5,8,14,21,23,27,28,37,45
x35|1,4,10,21,23,27,30,32,49
x36|2,3,4,12,16,17,30,32,33,36,38,44,49
x37|2,18,21,25,27,29,32,35
x38|2,7,12,14,18,33,42,43,45,48
x39|2,22,31,35,37,39,45
x40|1,3,5,8,9,22,25
x41|3,7,13,16,20,34,37,39,40,49
x42|1,4,5,7,16,20,28,30,32,34,39,45
x43|2,7,17,23,24,25,32,33,41,43,46
x44|1,3,4,5,16,18,22,28,40,50
x45|1,2,8,13,29,43,49
x46|1,6,13,16,23,27,28,30,32,37,44,46,48
x47|1,2,4,9,15,22,30,31,40,44,49
x48|1,9,14,27,31,33,34,44,46
x49|2,7,13,14,23,27,33,35,39,41,45,50
NEq|x26,x5
LEq|x14,x22
NEq|x6,x19
NEq|x4,x44
NEq|x35,x9
NEq|x48,x46
LEq|x45,x14
LEq|x11,x33
LEq|x44,x13
LEq|x12,x3
NEq|x43,x45
LEq|x7,x33
NEq|x11,x12
NEq|x3,x6
LEq|x37,x14
LEq|x42,x34
NEq|x41,x12
LEq|x34,x41
LEq|x30,x49
LEq|x18,x5
LEq|x41,x16
NEq|x37,x33
LEq|x6,x15
LEq|x48,x38
LEq|x16,x39
NEq|x25,x12
NEq|x12,x15
LEq|x23,x19
NEq|x35,x18
NEq|x8,x33
NEq|x4,x6
LEq|x7,x3
LEq|x39,x1
LEq|x5,x19
LEq|x20,x8
LEq|x5,x47
LEq|x24,x22
LEq|x46,x2
LEq|x43,x8
NEq|x22,x8
LEq|x11,x22
NEq|x34,x23
LEq|x19,x15
NEq|x25,x14
LEq|x12,x6
NEq|x36,x49
LEq|x0,x18
LEq|x48,x38
NEq|x44,x14
LEq|x28,x30
