x0|1,2,5,10,18,26,31,33,43
x1|4,13,21,23,25,30,31,32,35,36,42,46,48
x2|6,12,24,25,26,28,35,38,42,45,46,47,48
x3|3,4,16,20,21,23,28,31,40,45,47
x4|3,9,14,32,35,38,43,45,46,47
x5|2,7,18,19,22,23,26,31
x6|1,2,4,5,11,14,16,27,28,29,35,36,50
x7|1,5,7,14,15,17,18,30,31,36,40
x8|1,11,17,18,20,35,36,37,38,39,42,45,49
x9|7,9,12,14,16,19,21,28,30,34,36,43,45,47
x10|6,7,12,19,20,21,22,23,25,26,35,36,39,41,44,48
x11|3,8,11,22,24,26,28,31,35,42,44
x12|4,8,10,22,39,42
x13|3,13,15,18,25,34,39,45,46,48,50
x14|2,3,6,7,10,13,14,20,22,24,30,40,42,45
x15|1,2,4,6,8,15,19,24,28,31,37,40,42,49
x16|1,7,12,19,20,22,24,25,26,31,41,42
x17|2,7,8,15,16,17,18,20,38,41,42,48,50
x18|3,7,8,12,22,31,32,33,34,38,41,42,49
x19|4,5,8,13,20,23,26,31,35,44
x20|2,3,4,22,26,30,32,39,40,42
x21|1,2,3,4,11,13,22,29,32,34
x22|1,2,6,8,9,11,14,16,19,28,30,45
x23|1,8,17,18,20,23,44,46
x24|1,4,6,7,10,11,13,25,28,43,47
x25|3,19,23,24,35,40,43,44,49,50
x26|1,14,33,38,40,46
x27|2,7,17,20,36,39,50
x28|5,6,8,12,17,25,32,40,43,49,50
x29|1,7,10,20,23,25,29,37,38,45,46,49
x30|3,6,9,16,20,23,24,26,29,31,43,44,47,48
x31|1,6,7,12,16,18,19,21,23,25,26,27,29,31,33,36,44,48
x32|2,7,16,18,24,26,28,29,34,41,42,45
x33|5,11,15,21,22,25,44,45,49
x34|2,14,16,17,23,29,36,41,42,47,49
x35|10,15,16,17,19,20,27,34,40,45
x36|1,9,15,16,23,24,27,36,50
x37|6,13,26,27,28,30,32,36,37,43,45
x38|1,7,8,21,24,25,30,31,33,42
x39|2,4,6,8,16,17,27,28,36,41,46,48
x40|2,8,10,17,24,30,34,40,42,47,48
x41|1,7,15,27,28,33,38
x42|4,6,12,16,17,26,32,42,45,46,48
x43|10,12,28,30,33,38,40,45,47,48
x44|4,10,11,29,36,41,46
x45|2,22,28,36,37,42,43,48,49
x46|1,7,8,9,13,14,27,38,42,44,49,50
x47|4,5,10,12,14,16,19,23,32,35
x48|1,5,7,8,15,35,43,44,50
x49|3,19,20,24,28,34,38,39,41
LEq|x27,x34
LEq|x11,x15
NEq|x12,x27
NEq|x26,x23
LEq|x49,x19
LEq|x0,x49
LEq|x49,x7
NEq|x7,x48
NEq|x28,x19
LEq|x43,x46
NEq|x23,x9
LEq|x1,x33
LEq|x26,x18
LEq|x25,x3
NEq|x45,x4
LEq|x36,x16
LEq|x44,x12
NEq|x34,x25
LEq|x4,x25
NEq|x41,x22
NEq|x9,x12
LEq|x28,x30
NEq|x2,x18
NEq|x12,x31
LEq|x23,x22
LEq|x28,x24
NEq|x25,x47
LEq|x15,x4
LEq|x17,x38
LEq|x36,x19
NEq|x20,x0
LEq|x2,x5
LEq|x30,x48
LEq|x32,x16
LEq|x31,x26
LEq|x42,x36
LEq|x22,x19
NEq|x3,x16
NEq|x16,x27
NEq|x41,x19
LEq|x38,x45
LEq|x14,x29
NEq|x12,x17
LEq|x22,x19
NEq|x24,x4
NEq|x23,x37
NEq|x38,x21
NEq|x30,x27
LEq|x36,x43
NEq|x17,x37
