x0|1,5,11,33,39,44,45,49,50
x1|3,6,11,12,14,21,22,25,28,34,35,38,43,45,46
x2|3,5,11,34,35,36,37,43,45,49
x3|1,6,7,15,19,33,34,37,40,48
x4|2,15,16,17,18,22,23,25,27,30,35,45
x5|1,10,17,22,29,30,36,38,43,48
x6|1,5,7,11,12,25,31,32,36,46,47
x7|7,13,15,24,34,44,45,49
x8|2,10,13,17,22,26,27,30,39,42,43
x9|1,2,6,9,15,19,24,25,30,37,47,48
x10|2,5,8,9,13,23,34,35,38,41,45,49
x11|4,5,7,9,10,11,16,20,27,35,36,43,45,50
x12|2,4,6,7,9,20,22,28,30,33,34,35,38,40,41,43,44
x13|5,7,8,11,20,23,26,28,35,42,48
x14|1,4,10,13,18,20,22,36,37,38,40,49,50
x15|1,4,6,30,40,41,43
x16|1,5,13,14,17,19,21,26,30,32,33,42,44
x17|2,3,6,10,11,20,23,24,32,33,39,40,48
x18|3,9,13,15,22,23,25,27,28,35
x19|1,6,7,17,22,36,43,47,49
x20|3,4,5,13,17,23,25,27,33,36
x21|1,4,12,13,15,17,21,25,30,41
x22|2,8,9,17,19,26,30,40,41
x23|2,3,7,9,15,17,27,31,34,36,37,45,49
x24|1,4,9,11,13,15,19,23,34,35,43,50
x25|1,2,5,9,11,13,14,15,22,23,24,27,36,42,43,47,48
x26|1,3,7,25,26,29,34,35,37,43,45,49
x27|1,5,9,11,19,22,24,27,28,31,41,42,46,50
x28|6,9,10,15,16,17,22,23,24,37,39,40,41,42,45,48
x29|2,9,17,19,21,32,40,42,43,45,46,47
x30|3,4,19,24,29,41,42,43
x31|2,4,6,12,18,19,20,28,29,32,39,46,47,49
x32|3,8,20,25,29,36,49
x33|1,7,16,17,18,27,29,46
x34|5,7,15,16,20,27,33,35,37,41
x35|1,7,10,15,16,24,27,34,35,37,45,47
x36|3,10,15,16,18,22,25,27,28,38,39,43
x37|3,10,12,15,18,19,22,31,32,33,38,41,47
x38|1,6,9,11,17,29,31,32,37,41,45,47
x39|2,11,14,16,18,27,30,33,41,43
x40|3,5,10,20,22,30,31,32,34,49
x41|7,20,24,34,41,44,48
x42|1,3,9,18,20,23,30,38,41
x43|1,12,22,27,28,30,33,38,40
x44|5,8,9,12,24,43,45,49
x45|2,8,12,15,22,33,34,43,50
x46|3,5,12,17,21,24,29,33,38,40,48
x47|3,6,15,17,19,22,27,39,46,49
x48|4,14,22,24,32,37,47,48
x49|3,5,14,15,16,21,25,29,30,38
LEq|x10,x49
NEq|x7,x40
NEq|x13,x1
LEq|x13,x14
LEq|x14,x27
NEq|x31,x35
NEq|x3,x11
NEq|x44,x5
NEq|x36,x16
LEq|x48,x40
LEq|x13,x35
LEq|x43,x31
LEq|x12,x43
LEq|x39,x32
LEq|x15,x49
NEq|x27,x41
NEq|x1,x48
NEq|x18,x17
LEq|x30,x27
NEq|x13,x1
NEq|x12,x41
NEq|x41,x6
LEq|x49,x16
LEq|x11,x41
NEq|x46,x4
NEq|x14,x36
NEq|x41,x10
LEq|x48,x36
NEq|x36,x18
NEq|x19,x45
NEq|x19,x24
LEq|x16,x14
NEq|x37,x41
NEq|x49,x31
LEq|x24,x28
NEq|x38,x40
NEq|x46,x32
LEq|x40,x28
LEq|x5,x36
LEq|x43,x4
NEq|x36,x30
NEq|x2,x41
NEq|x10,x47
NEq|x15,x22
LEq|x32,x23
NEq|x12,x24
LEq|x16,x27
NEq|x8,x17
LEq|x39,x30
NEq|x26,x28
