x0|5,11,12,29,33,35,42,46,49,50
x1|2,5,7,10,21,28,38,41,43,45,49
x2|1,6,33,39,44,45,46,48,49
x3|2,4,6,7,10,15,19,25,40,42
x4|1,11,19,22,27,28,29,36,42,46,48,49
x5|3,4,7,12,15,19,27,28,29,32,43
x6|4,8,14,21,23,24,27,30,31,35,38,41,44,49
x7|4,5,12,22,28,31,32,35,38,45,46
x8|4,8,10,11,12,14,23,26,42,47
x9|8,10,17,20,21,27,29,32,41,48
x10|1,2,4,5,10,19,20,36,44,50
x11|3,4,6,7,11,30,38,41,46,49,50
x12|2,11,14,18,23,24,30,33,35,38,44,50
x13|1,2,8,11,18,21,28,30,31,32,38,44,47,48
x14|3,10,12,14,16,17,19,22,27,29,32,33,35,36,40,46,47,50
x15|4,10,18,19,23,25,26,28,31,32,37,42,45,47
x16|4,15,29,32,40,43
x17|1,4,11,19,20,26,32,34,40
x18|4,6,8,11,13,14,35
x19|2,6,31,34,35,49,50
x20|1,6,19,24,26,31,48
x21|2,5,18,20,24,26,28,38,42
x22|6,7,10,14,16,23,26,30,47,48
x23|1,2,18,21,23,28,31,44
x24|1,8,17,20,23,29,34,36,42,47
x25|21,24,33,40,44,46
x26|6,15,25,28,29,34,35,38,40,44,48,50
x27|4,9,22,25,31,35,36,42,49
x28|1,10,18,21,25,29,43
x29|1,13,17,25,27,29,30,36,44,45
x30|2,3,10,12,13,16,18,21,26,31,33,41,45,50
x31|1,7,11,16,19,29,36,41,46,50
x32|4,8,17,21,27,34,41,43
x33|25,30,32,33,37,40,41
x34|1,3,5,15,32,36,43
x35|2,6,8,10,11,18,20,22,27,29,36,42,45,48,49
x36|3,9,10,17,30,32,33,36,38,44
x37|1,2,7,15,16,18,27,45,50
x38|7,15,16,31,34,39,41,47,50
x39|2,3,6,11,14,20,23,27,37,46,49
x40|2,5,8,18,21,27,28,32,34,35,41
x41|1,7,13,19,27,31,38,40,44
x42|8,10,14,23,25,27,29,36,37,38,39,40,45,46,50
x43|3,13,15,19,37,48,49
x44|2,8,19,23,26,33,41,42
x45|1,11,14,17,20,30,32,41,46
x46|1,5,7,11,14,23,28,30,32,35,37,38,39,42,48
x47|1,9,10,21,31,35,46,49
x48|2,13,18,19,23,29,30,33,44,46,50
x49|2,4,21,28,31,35,39,40,42,43,47,49
NEq|x10,x26
LEq|x45,x33
NEq|x10,x31
LEq|x5,x40
NEq|x13,x8
LEq|x1,x5
NEq|x29,x22
NEq|x0,x46
NEq|x16,x6
LEq|x43,x39
NEq|x38,x30
LEq|x0,x22
LEq|x39,x23
LEq|x11,x27
NEq|x44,x46
NEq|x10,x33
LEq|x19,x24
NEq|x20,x18
LEq|x28,x3
LEq|x18,x43
NEq|x16,x40
NEq|x36,x20
NEq|x38,x8
LEq|x20,x11
NEq|x38,x43
NEq|x20,x22
NEq|x25,x39
LEq|x30,x42
LEq|x11,x22
LEq|x47,x9
NEq|x5,x40
NEq|x38,x9
LEq|x31,x15
NEq|x31,x19
NEq|x19,x3
NEq|x8,x34
NEq|x37,x1
NEq|x14,x27
NEq|x38,x46
NEq|x15,x43
LEq|x1,x32
LEq|x48,x26
LEq|x41,x22
LEq|x5,x2
LEq|x5,x32
NEq|x22,x10
NEq|x7,x11
LEq|x45,x7
NEq|x18,x20
NEq|x40,x41
