x0|4,8,20,29,31,32,36,44,45,47,48
x1|1,13,15,17,25,31,41,49
x2|5,8,16,21,22,23,25,35,43,48
x3|2,4,5,11,14,17,21,23,24,26,27,29
x4|2,3,10,21,22,23,24,27,30,33,34
x5|1,5,12,14,20,22,29,39,40,46,49
x6|1,4,8,20,23,25,39,42
x7|8,10,17,22,27,37,43,50
x8|9,14,15,17,28,34,35,37,38,43
x9|5,6,10,20,21,26,37,38,42,46
x10|1,3,7,16,20,27,32,38
x11|3,5,8,16,17,20,28,31,35,45,46,49
x12|6,8,9,11,12,14,24,27,29,32,34,37,45,48
x13|8,9,10,17,22,30,35,39,41
x14|4,6,10,19,20,26,32,42,45,46,47,48
x15|1,3,11,20,29,36,39,40,41,46,48,49
x16|1,3,5,19,21,25,34
x17|4,5,6,15,17,21,25,26,42
x18|2,4,5,7,13,20,26,27,30,40,45
x19|1,7,8,15,18,20,27,30,31,33,36
x20|1,11,19,33,41
x21|11,26,27,30,32,35,36,44,45,46,48
x22|3,17,23,30,32,33,40,49
x23|1,2,5,9,12,17,21,25,28,37,48
x24|1,13,14,16,28,40,45,48,50
x25|3,4,6,10,13,23,34,44
x26|1,5,10,11,16,24,27,29,30,33,39,44,50
x27|3,4,12,13,30,32,42,44,46
x28|3,9,12,13,14,16,19,21,25,36,37,43,46,47
x29|1,8,12,15,20,22,23,27,33,35,39
x30|9,13,24,25,30,32,38,40,42,43,44,46
x31|1,9,16,26,30,34,36,43
x32|30,32,40,41
x33|1,4,5,8,9,11,12,18,21,23,33,45
x34|4,16,25,28,35,36
x35|2,5,13,15,27,28,29,32,35,36,40,44,48
x36|6,9,12,17,18,19,20,22,28,38,44,47,48,50
x37|10,17,32,33,40,43,46
x38|5,16,21,29,33,34,36,39,45,48
x39|2,5,21,26,27,31,34,38,39,45,46
x40|1,7,8,14,15,19,27,28,35,46
x41|3,9,19,20,22,28,44,47,48
x42|1,7,12,18,24,30,33,36
x43|8,11,13,41,48
x44|3,7,8,14,21,32,33,41,48
x45|3,10,11,16,24,28,30,32,36,37,46,48
x46|2,3,4,7,10,17,18,20,24,29,32,36,43
x47|4,7,13,22,23,24,25,28,44,46
x48|3,7,10,14,16,19,22,26,28,39,41,49
x49|8,13,14,21,23,25,26,35,36,40,47,49,50
NEq|x14,x41
NEq|x41,x12
LEq|x48,x5
NEq|x43,x7
NEq|x8,x13
LEq|x3,x26
LEq|x34,x39
LEq|x35,x16
LEq|x5,x39
NEq|x18,x21
NEq|x25,x49
NEq|x27,x39
LEq|x36,x49
LEq|x9,x33
LEq|x46,x44
LEq|x7,x40
LEq|x18,x48
LEq|x28,x45
LEq|x46,x13
NEq|x45,x17
LEq|x22,x14
LEq|x8,x39
NEq|x7,x42
NEq|x33,x16
LEq|x10,x21
LEq|x39,x32
NEq|x24,x11
LEq|x21,x43
LEq|x39,x3
NEq|x43,x14
NEq|x11,x12
LEq|x15,x12
NEq|x48,x9
NEq|x18,x26
NEq|x47,x25
NEq|x42,x30
NEq|x34,x24
LEq|x28,x10
NEq|x1,x48
LEq|x36,x9
NEq|x38,x4
NEq|x15,x27
LEq|x34,x47
NEq|x35,x31
LEq|x38,x23
NEq|x20,x28
LEq|x41,x14
LEq|x39,x25
NEq|x2,x10
LEq|x49,x25
