x0|2,4,7,8,24,34,35,42
x1|2,12,18,19,22,27,33,44,46
x2|2,3,4,9,10,13,19,22,26,34,40,46,50
x3|4,10,12,17,18,20,25,26,49
x4|1,8,12,16,17,30,44,45,46
x5|1,4,10,16,17,21,23,30,33,35,42,46,48
x6|7,19,21,24,31,32,37,41,45,46
x7|4,13,17,22,24,34,41,44,45
x8|3,6,7,12,27,29,32,33,34,39,48
x9|1,3,11,13,16,18,22,24,30,47
x10|1,3,8,9,10,22,27,32,34,39,46,47,48
x11|2,4,8,19,22,38,40,50
x12|1,12,13,16,19,23,46
x13|6,11,12,15,20,29,32,39
x14|3,4,10,18,21,22,24,36,44,45,46
x15|5,9,10,15,22,26,32,39,40,47,49
x16|2,3,5,6,14,23,33,34,35,38,41,45,48,50
x17|6,15,16,25,33,35,37,46,48
x18|1,3,5,8,16,17,32,38,47
x19|1,2,4,11,13,17,24,26,28,30,41,42,45
x20|1,2,5,8,12,14,19,20,26,36,42
x21|1,2,3,4,10,15,20,21,27,28,44,45
x22|2,4,10,16,23,28,29,31,32,34,36,39,41,44,46
x23|1,21,24,26,32,41,42,43,46,48,50
x24|5,9,12,16,19,22,28,41,42,45,47
x25|1,3,4,5,14,21,25,33,41,43
x26|2,7,12,13,15,18,25,32,37,41,42,43,45,48,49
x27|1,6,7,8,10,16,17,36,39,45,48,50
x28|1,3,11,14,17,21,36,38,41,42,44,46
x29|3,8,11,16,17,21,24,25,30,32,35,44,49
x30|1,3,6,14,17,18,24,27,33,43,49
x31|2,7,10,15,16,25,28,31,36,38,42,44,47
x32|8,15,23,24,29,39,49,50
x33|1,4,7,9,30,34,37,38,41
x34|1,3,7,8,15,27,29,30,38,41,47,48
x35|3,4,6,8,14,15,26,34,41,49
x36|1,6,10,11,19,21,22,26,27,41,42,49,50
x37|1,10,26,27,29,30,32,33,34,42,43,47
x38|7,13,20,21,25,30,38,39,48
x39|7,12,16,18,28,31,42,48,50
x40|1,4,5,9,10,11,27,35,38,42,46
x41|1,3,5,6,11,17,20,27,42,45,46,47,50
x42|2,4,11,24,25,30,34,38
x43|5,8,13,22,24,26,28,29,31,34,35,42,49,50
x44|1,10,12,22,28,38,44
x45|2,5,7,14,17,18,22,27,28,36,40,42,49,50
x46|5,25,34,36,40,46
x47|2,17,21,22,24,34,39,40,46,49
x48|2,7,12,15,17,26,39,47
x49|1,12,15,24,27,32,35,41,44,47
LEq|x20,x39
LEq|x19,x5
LEq|x4,x13
LEq|x6,x46
LEq|x49,x33
NEq|x34,x32
LEq|x14,x20
NEq|x20,x17
NEq|x25,x4
LEq|x49,x17
LEq|x41,x34
NEq|x22,x38
LEq|x35,x0
NEq|x9,x34
LEq|x22,x30
NEq|x41,x6
NEq|x8,x41
NEq|x28,x6
NEq|x11,x19
NEq|x1,x6
LEq|x21,x5
LEq|x25,x33
LEq|x27,x45
LEq|x38,x32
LEq|x21,x19
LEq|x28,x18
NEq|x29,x30
NEq|x12,x30
NEq|x12,x46
LEq|x0,x19
NEq|x20,x39
NEq|x42,x22
NEq|x37,x45
LEq|x44,x5
LEq|x7,x22
LEq|x40,x26
LEq|x44,x13
LEq|x43,x45
NEq|x39,x43
LEq|x46,x30
LEq|x6,x31
LEq|x49,x25
NEq|x20,x16
LEq|x32,x33
LEq|x27,x34
LEq|x37,x20
LEq|x44,x39
NEq|x43,x11
NEq|x13,x29
LEq|x5,x18
