x0|1,3,4,6,18,19,26,32,34,37,39,48
x1|1,10,14,25,26,28,29,31,36,37,40,41,49
x2|1,6,13,21,23,27,28,30,32,36,42,46
x3|3,8,9,10,11,12,13,16,43,45,47,48
x4|2,6,8,10,12,16,17,26,41,43,46
x5|1,9,12,14,17,18,27,29,30,31,33,40,42
x6|3,4,9,11,18,34,39,40,42,46,50
x7|4,6,8,13,16,27,30,36,42,44,48,49,50
x8|7,10,13,19,21,22,33,36,44,45,49
x9|2,3,12,13,14,18,19,21,27,28,31,42
x10|1,5,6,28,29,31,32,33,36
x11|2,13,14,18,24,25,26,45
x12|1,3,8,10,17,21,29,37,43
x13|1,8,10,13,14,16,23,26,30,32,43,47,49
x14|2,9,10,11,12,29,45
x15|1,3,4,7,17,18,19,20,28,39
x16|2,4,7,15,17,19,20,25,28,43
x17|8,12,13,14,15,16,24,28,34,36,42,44
x18|6,11,12,14,16,22,31,32,44,48
x19|7,18,23,26,36,37,39,40,42
x20|5,20,24,33,38,41,45,47
x21|15,17,21,22,32,35,46
x22|3,11,14,17,19,25,28,35,42,43,45,50
x23|2,10,13,17,19,20,27,29,35,45
x24|10,14,15,18,20,25,26,29,31,36,38,44,48
x25|1,18,33,36,47,49
x26|8,18,22,23,24,25,28,29,35,36,38,41,42
x27|4,14,16,18,23,25,27,28,32,37,44
x28|4,9,10,13,15,31,34,45,46,48
x29|4,18,20,25,26,29,37,39,42,46,47,49
x30|1,7,9,11,13,26,27,28,40,49
x31|1,2,5,10,11,14,16,18,20,25,31,33,35,37,44,45,50
x32|2,4,6,9,21,23,24,27,31,35,36,40,48,49
x33|3,16,17,19,22,23,35,41,42
x34|1,11,12,20,30,37,46,49
x35|5,14,17,25,26,32,33,35,40,44,46
x36|16,20,29,32,37,42,43,45,50
x37|1,7,13,21,28,29,35,36,45
x38|1,7,12,27,34,37,39,50
x39|1,7,11,14,18,21,23,24,28,39,40,50
x40|1,12,27,38,40,41,43,45,50
x41|5,6,7,9,11,13,19,21,35,42
x42|1,5,6,10,11,13,21,22,24,26,28,31,42,45,49
x43|6,9,12,14,15,16,23,24,40,41,44,50
x44|3,4,5,16,29,36,45,46,48
x45|3,4,5,12,19,21,31,37,39,43,48,49
x46|4,10,26,33,36,44,49
x47|2,6,7,9,17,24,25,33,43,44,46,48
x48|1,2,3,9,13,35,38,44,50
x49|2,9,10,13,18,20,34,43
LEq|x43,x15
NEq|x33,x29
LEq|x46,x15
NEq|x33,x30
NEq|x0,x6
NEq|x8,x27
NEq|x35,x3
NEq|x42,x20
LEq|x22,x36
LEq|x28,x9
NEq|x35,x34
LEq|x8,x46
LEq|x4,x35
NEq|x29,x41
NEq|x44,x37
LEq|x29,x46
LEq|x11,x7
LEq|x22,x25
LEq|x40,x30
LEq|x2,x22
LEq|x34,x30
NEq|x29,x46
NEq|x32,x43
LEq|x36,x16
LEq|x31,x8
LEq|x0,x35
LEq|x37,x21
LEq|x45,x2
LEq|x49,x0
LEq|x1,x6
LEq|x16,x28
NEq|x17,x27
NEq|x34,x40
NEq|x36,x22
NEq|x13,x46
LEq|x43,x34
NEq|x32,x35
LEq|x46,x17
LEq|x5,x27
LEq|x18,x1
LEq|x48,x14
LEq|x5,x41
NEq|x43,x0
LEq|x6,x24
LEq|x22,x16
LEq|x11,x31
LEq|x25,x41
LEq|x36,x13
LEq|x11,x49
NEq|x24,x46
