x0|4,7,9,12,13,14,35,39,41,44,48
x1|10,19,24,25,26,32,36,46
x2|4,15,24,27,28,29,33,40,44
x3|1,11,13,14,19,21,29,30,32,35,36,39,44,48
x4|1,5,10,17,18,26,33,35,41,49
x5|1,5,8,13,14,16,17,19,21,25,34,35,45,48,49
x6|1,12,18,20,21,25,30,32,42
x7|16,30,32,34,37,39,42,49
x8|12,16,18,27,29,32,35,44,49
x9|3,5,9,10,14,23,28,29,30,34,36,41
x10|7,8,15,21,24,25,28,33,46,49
x11|1,14,15,18,24,27,29,34,40,48
x12|1,5,12,17,36,45,48
x13|15,22,32,37,40
x14|1,3,5,6,14,19,22,34,46
x15|2,4,8,10,22,28,29,35,47,49
x16|2,5,9,10,29,31,36,43,45,47,48
x17|1,14,15,18,20,23,28,30,34,40
x18|1,5,11,19,28,30,31,34,36,45,46,48,50
x19|1,2,8,14,17,18,21,36
x20|3,12,17,18,19,21,22,25,29,33,48
x21|2,7,8,13,24,39,46,48,49
x22|1,3,5,7,14,16,19,25,36,50
x23|2,12,20,25,28,42,44
x24|2,5,8,11,15,16,21,28,40,47
x25|1,6,7,30,34,41,44,45,47
x26|1,2,5,7,12,22,25,26,32,45
x27|3,13,15,20,30,32
x28|6,14,15,16,18,20,32,43,45
x29|1,3,9,11,17,18,26,28,45
x30|1,4,6,9,11,16,23,31,32,42,45,49
x31|1,3,5,10,14,16,20,22,33,48
x32|1,2,8,9,15,21,34,36,39,48
x33|2,11,26,31,32,37,44
x34|1,2,5,7,9,12,16,20,26,41,43,47
x35|2,3,10,13,14,17,21,24,27,33,34,38,44,46,48,49
x36|3,11,19,22,26,27,29,39,40,46,48
x37|4,25,26,30,31,32,33,39,41,47,49,50
x38|6,8,15,18,21,36,41,43,48
x39|4,7,13,18,22,24,26,27,31,35,37,39,44,45
x40|2,5,9,14,27,29,30,31,33,39,48
x41|3,7,10,12,13,15,18,19,23,25,27,31,34,37,43,46
x42|1,7,11,12,15,25,36,45
x43|1,15,24,30,33,35,37,42,43,44
x44|3,8,9,12,13,16,23,31,34,40
x45|1,3,5,21,22,38,45,49
x46|2,9,17,27,28,30,39
x47|5,16,20,22,26,29,38,39,42,49
x48|4,17,20,21,33,35,37,42,50
x49|1,15,26,33,41,42,44
NEq|x19,x1
NEq|x32,x15
NEq|x38,x28
LEq|x45,x30
NEq|x33,x26
LEq|x49,x42
NEq|x39,x13
NEq|x49,x27
LEq|x23,x34
LEq|x3,x17
NEq|x6,x41
NEq|x37,x35
NEq|x16,x12
LEq|x21,x42
NEq|x1,x15
NEq|x35,x40
LEq|x32,x23
NEq|x49,x10
NEq|x29,x28
LEq|x25,x34
NEq|x9,x47
LEq|x2,x7
LEq|x42,x24
LEq|x1,x40
NEq|x0,x7
NEq|x30,x11
NEq|x31,x46
NEq|x33,x14
LEq|x36,x19
LEq|x9,x8
NEq|x45,x42
LEq|x17,x40
LEq|x29,x16
NEq|x23,x44
LEq|x40,x2
NEq|x3,x18
NEq|x27,x0
NEq|x30,x45
NEq|x18,x31
LEq|x2,x15
NEq|x2,x22
LEq|x1,x27
NEq|x6,x42
NEq|x49,x33
LEq|x49,x5
NEq|x15,x35
NEq|x49,x33
LEq|x30,x2
LEq|x19,x39
NEq|x20,x6
