x0|3,8,12,17,19,27,28,30,31,34,41,43,45
x1|1,6,16,28,37,44
x2|2,12,13,15,16,17,27,38,40,41,45,47
x3|3,5,9,10,12,14,15,19,21,26,32,44
x4|2,26,27,28,36,37,38,39,45
x5|2,7,17,22,23,27,28,40,45,48
x6|5,14,22,24,28,33,36
x7|1,2,3,6,22,26,28,31,35,39,44,48
x8|12,19,20,28,31,32,50
x9|2,3,14,16,21,28,34,46,48
x10|1,10,18,20,25,29,32,35,40,44
x11|4,6,10,21,24,28,34,40,41,43,44,48
x12|1,4,5,8,15,16,20,21,32,36,38,41,44
x13|6,20,24,26,30,34,45
x14|1,3,6,8,12,13,22,32,38,47
x15|4,5,17,21,27,28,36,40,46
x16|1,2,5,7,13,16,17,32,36,37,38,40,50
x17|1,2,11,12,15,22,26,34,39,43,47,48,49
x18|8,11,13,20,23,25,26,31,33,35,43
x19|7,12,13,15,25,30,44,45,46
x20|5,10,17,18,19,27,28,33,48,49,50
x21|1,3,19,21,23,25,26,27,33,39,40,48
x22|1,4,7,8,11,15,18,26,31,33,44,47
x23|4,17,21,22,24,27,28,30,50
x24|16,23,32,33,36,41,42
x25|9,25,32,38,42,49
x26|2,4,6,8,12,14,23,24,29,30,39,42,48
x27|1,15,32,34,35,37,38,40,45
x28|2,6,12,13,14,33,34,36,39,41,43,45
x29|1,6,8,16,25,28,29,46,48,50
x30|3,7,10,11,12,13,14,30,43
x31|1,2,4,5,7,8,20,21,26,30,38,44
x32|8,9,11,12,14,23,27,34,39,49
x33|2,5,21,29,37,41,42,44
x34|3,8,12,14,31,32,40,46,47,49
x35|5,9,10,12,16,17,19,22,26,34,35,47,48
x36|3,17,24,28,32,37,45
x37|1,5,6,16,20,32,42,44,46
x38|1,8,13,21,22,32,34,41,42,44,50
x39|1,2,14,15,23,25,27,28,33,35,42
x40|1,2,7,12,21,35,36,47
x41|3,15,17,19,22,24,26,40,41,47
x42|1,10,16,21,34,44
x43|2,9,12,13,14,15,16,18,24,29,46,49
x44|2,6,9,10,13,27,28
x45|2,5,7,9,11,21,24,30,31,34,46
x46|1,2,5,11,17,26,28,46,49,50
x47|2,10,12,22,30,38,41,42,44
x48|1,3,10,12,21,24,26,35,44
x49|4,10,12,14,18,20,21,25,30,39,49,50
LEq|x40,x21
NEq|x27,x22
LEq|x31,x17
LEq|x31,x5
LEq|x35,x45
NEq|x44,x14
NEq|x48,x10
NEq|x34,x16
NEq|x12,x14
NEq|x26,x25
NEq|x48,x40
LEq|x8,x27
LEq|x30,x24
NEq|x12,x11
NEq|x26,x18
NEq|x31,x37
LEq|x38,x10
LEq|x18,x28
LEq|x31,x25
NEq|x45,x40
LEq|x32,x1
LEq|x41,x36
LEq|x45,x34
NEq|x13,x26
NEq|x16,x15
LEq|x27,x2
LEq|x34,x24
NEq|x25,x49
NEq|x4,x41
LEq|x47,x26
LEq|x35,x18
LEq|x35,x42
LEq|x8,x12
LEq|x13,x6
NEq|x49,x7
LEq|x46,x4
LEq|x42,x47
LEq|x49,x39
LEq|x4,x3
LEq|x34,x13
NEq|x49,x20
LEq|x39,x35
LEq|x16,x45
LEq|x6,x10
NEq|x9,x42
LEq|x22,x20
LEq|x22,x18
NEq|x8,x14
NEq|x18,x12
NEq|x4,x20
