x0|1,2,17,21,25,28,33,41,45
x1|1,5,9,22,25,26,27,28,35,40,45
x2|1,8,10,11,15,16,26,29,32,33,40
x3|5,26,29,31,33,41,48
x4|2,4,10,18,24,26,28,30,34
x5|1,9,11,14,21,31,33,38,39,40,41
x6|1,5,9,18,19,21,24,25,44,48,50
x7|3,7,8,14,15,16,26,30,34,41,43,44,46,48
x8|5,14,17,19,24,27,38,41,47
x9|2,11,14,19,21,24,27,28,35,39,40
x10|2,11,16,17,19,21,22,33,34,35,43
x11|1,13,15,28,31,37,40,48
x12|2,5,18,22,30,34,42,46,48
x13|1,7,16,17,24,28,32,37,49
x14|10,13,17,21,26,31,33,43,46,48
x15|1,14,19,33,38,39,46
x16|1,6,7,8,9,14,20,26,39,41
x17|2,11,17,21,30,31,33,37,44,45,48
x18|1,2,11,22,30,33,49,50
x19|10,19,22,27,29,32,36,44,45,47
x20|1,3,10,11,14,20,25,30,31
x21|3,5,14,25,33,36,45
x22|7,22,25,27,30,32,38,45,46,47,50
x23|2,3,4,7,12,16,27,37,39,45,48
x24|2,3,7,11,13,17,20,24,27,28,35,36,37,46,47,48
x25|3,4,5,10,16,17,20,27,29,33,34,44,47
x26|3,4,6,10,12,13,17,23,25,28,32,40,42,44
x27|6,14,18,23,32,39,41,42,44,45,50
x28|9,16,17,20,22,26,30,36,43,46,48
x29|2,13,21,31,38,39,41,42,49,50
x30|3,12,13,14,25,26,35,36,48
x31|1,14,22,28,29,30,38,47
x32|5,8,10,12,18,23,32,34
x33|1,2,3,6,13,20,28,29,30,31,35,43
x34|1,4,15,17,20,24,28,29,31,32,35,50
x35|2,23,28,36,37,48,50
x36|1,14,16,22,26,36
x37|2,3,12,13,24,31,46,50
x38|5,7,13,14,16,17,33,34,36,38,41
x39|3,7,14,17,19,34,36,48
x40|12,13,21,29,33,42,44,49
x41|2,7,10,15,20,23,24,26,31,35,41
x42|2,26,27,29,33,34,35,41
x43|1,2,7,9,12,17,20,23,35,36,39,43
x44|3,4,6,8,9,11,12,19,22,24,26,28,37,40,47
x45|2,10,11,24,26,37,38,48
x46|1,9,16,17,36,41,42,45
x47|4,9,22,24,26,33,34,38,43,44,49
x48|1,2,4,13,21,22,42,45,46,47
x49|2,5,7,11,13,25,28,37,41,42,50
LEq|x4,x13
NEq|x26,x45
NEq|x24,x25
NEq|x14,x49
LEq|x4,x17
LEq|x20,x4
NEq|x28,x34
LEq|x12,x23
NEq|x28,x11
NEq|x2,x13
LEq|x5,x22
NEq|x24,x15
LEq|x47,x1
LEq|x10,x17
NEq|x35,x14
NEq|x39,x24
NEq|x41,x30
LEq|x35,x43
NEq|x29,x18
NEq|x37,x13
NEq|x36,x49
NEq|x21,x6
NEq|x10,x14
LEq|x8,x4
NEq|x32,x19
NEq|x9,x49
LEq|x24,x25
NEq|x0,x48
LEq|x2,x12
LEq|x39,x0
LEq|x12,x48
LEq|x43,x8
LEq|x44,x45
LEq|x38,x2
LEq|x40,x4
NEq|x40,x10
LEq|x20,x19
NEq|x7,x28
NEq|x25,x37
LEq|x38,x49
NEq|x0,x15
LEq|x10,x5
LEq|x39,x10
NEq|x4,x45
NEq|x2,x28
LEq|x29,x12
LEq|x11,x28
LEq|x38,x35
NEq|x11,x14
LEq|x44,x19
