x0|1,2,8,9,13,16,29,31,32,35,50
x1|2,8,13,17,19,23,24,28,36,43,49
x2|6,7,10,22,25,34,36,42,43,49,50
x3|3,14,18,20,22,26,39,43,44,46
x4|1,15,20,36,41,43
x5|3,14,18,19,23,31,32,40,45,46
x6|5,13,18,24,28,32,41,49
x7|1,6,7,14,22,28,32,33,36,38,39
x8|4,6,8,9,21,29,32,37,40,50
x9|9,13,15,19,20,24,25,27,30,34,37,41,42,50
x10|1,5,19,20,26,27,33,47
x11|2,3,9,19,23,25,26,27,29,40,42,47
x12|4,10,12,15,33,40,44,45,47
x13|11,14,20,30,33,37,40,41
x14|2,6,7,9,11,13,17,18,24,29,35,37
x15|6,7,8,9,12,21,24,27,28,30,31,33,34,35,37,45,49
x16|2,5,14,17,23,37,40,48
x17|1,9,21,26,29,37,41,46
x18|1,4,5,6,15,16,19,20,21,31,33,37,45
x19|3,4,14,17,19,29,36,44,45,48,50
x20|6,10,12,25,30,35,40,43
x21|3,6,9,10,17,19,22,38,39,50
x22|2,3,4,11,15,18,21,23,28,29,37,49,50
x23|2,5,9,10,12,27,35,40,45,49,50
x24|4,6,11,19,21,24,33,37,40,42,44,45
x25|1,10,18,25,26,30,31,38,40,41,48
x26|1,2,7,9,10,13,15,35,42,43,44,48
x27|8,13,15,21,22,34,38,39,46,50
x28|1,4,10,16,17,22,23,24,29,38,42
x29|1,5,12,17,24,42,43,49
x30|1,4,6,18,23,27,31,37,40,41,42,44,48
x31|1,2,9,17,18,28,31,33,34,44
x32|1,6,14,16,19,29,30,33,42,48
x33|1,4,7,16,18,23,25,35,36,48
x34|6,20,39,48,49
x35|2,5,11,18,27,37,39,50
x36|1,6,8,10,20,23,26,34,48,49
x37|1,9,13,18,19,24,27,48
x38|1,6,9,12,19,21,24,32,38
x39|4,6,8,10,12,19,21,34,35,47,48
x40|1,7,12,21,25,29,39,45
x41|1,13,18,23,28,30,32,34,43,45
x42|2,9,19,21,27,32,34,36,42,46
x43|1,3,4,10,14,16,26,40,43,47,48
x44|2,6,8,13,16,17,25,31,34,38,44
x45|1,2,13,23,25,26,32,35,40,43
x46|1,3,5,11,12,14,16,17,25,26,29,37,42,43
x47|3,11,18,24,28,32,33,39,42
x48|1,5,8,15,17,24,29,42,43
x49|5,16,20,26,27,28,30,34,40,43
LEq|x18,x47
NEq|x48,x45
NEq|x18,x28
NEq|x7,x28
NEq|x25,x10
LEq|x21,x8
LEq|x24,x30
LEq|x24,x36
NEq|x38,x20
NEq|x43,x10
NEq|x25,x18
NEq|x12,x25
LEq|x16,x28
NEq|x33,x23
LEq|x16,x31
NEq|x37,x40
LEq|x34,x44
LEq|x12,x44
NEq|x38,x6
NEq|x3,x28
LEq|x24,x25
NEq|x11,x12
LEq|x2,x48
NEq|x34,x42
NEq|x37,x1
LEq|x10,x22
LEq|x39,x7
LEq|x11,x15
NEq|x34,x20
LEq|x45,x17
NEq|x41,x46
LEq|x23,x13
LEq|x30,x5
LEq|x5,x32
LEq|x40,x43
NEq|x34,x49
NEq|x29,x22
LEq|x41,x21
LEq|x2,x20
LEq|x46,x19
NEq|x21,x9
NEq|x22,x13
NEq|x43,x18
LEq|x25,x30
LEq|x18,x3
NEq|x30,x6
LEq|x8,x11
LEq|x10,x43
NEq|x17,x10
LEq|x40,x31
