x0|1,2,5,7,11,15,16,18,20,25,27,28,29,39,43,47,48
x1|3,5,7,8,22,35,37,43,46,50
x2|1,8,9,18,31,37,40,43,50
x3|1,3,10,21,25,26,31,41,46
x4|2,3,5,6,8,9,16,22,31,35,36,39,40
x5|2,4,11,14,18,21,23,27,28,31,34,35,42,43
x6|3,6,8,20,23,34,35,41,43,46
x7|2,15,20,24,28,31,34,38,40,46,49,50
x8|1,2,3,5,10,11,14,16,18,20,29,31,34,45,46
x9|5,14,16,24,32,34,42,45,47
x10|2,7,8,15,19,20,21,24,26,30,35,36,40,44,46,48
x11|1,3,5,12,13,16,17,19,22,27,36,43
x12|1,2,13,14,24,28,32,43,45,46
x13|2,3,5,8,10,13,14,21,24,26,28,35,44,46,49
x14|3,7,9,18,24,28,31,39,43,50
x15|1,8,9,11,19,22,40,41,45
x16|2,6,10,16,18,19,20,24,31,32,33,40,44
x17|2,4,9,23,25,29,34,46,47,48,50
x18|1,6,7,8,12,13,15,21,24,29,32,33,44
x19|21,34,43,46
x20|1,2,3,4,11,14,18,19,22,26,35,38
x21|1,2,3,4,5,6,18,26,30,37,39
x22|1,6,7,12,19,21,26,33,40,49,50
x23|2,10,13,18,19,29,33,41,45,46,48,50
x24|1,10,12,14,15,17,21,25,27,43
x25|2,7,9,21,24,25,28,29,33,40,41,43,47
x26|5,17,32,34,37,41
x27|3,11,12,14,16,26,40,41
x28|5,13,24,31,33,35,38,42,45
x29|2,10,13,14,18,19,21,33,35,47,50
x30|3,22,23,25,29,30,42,48
x31|6,9,10,19,23,31,33,38,49
x32|1,5,6,10,16,18,23,31,34,39,48,49,50
x33|3,7,14,16,28,35,41,43
x34|8,9,12,14,17,30,32,35,41,45
x35|2,7,12,15,16,20,21,26,32,40,43,44,48,49
x36|1,6,9,10,13,29,32,35,42,43,46,47,49,50
x37|4,14,18,19,20,25,30,31,32,41
x38|3,9,10,11,13,15,22,29,37,42,45,46,49
x39|18,20,27,33,39,43,50
x40|4,11,17,24,26,30,31,39,48
x41|1,2,5,7,15,26,27,29,37,38,41,44,48
x42|3,15,19,21,27,32,34,48
x43|2,10,15,24,26,28,32,37,39,42,44,45
x44|1,3,7,12,14,23,25,37,44
x45|6,7,8,14,15,18,20,21,31,40,42,48
x46|1,7,8,12,18,20,22,31,34,38
x47|1,10,14,21,24,26,29,34,39,41,42,43,47
x48|1,8,11,15,27,31,34,44
x49|2,4,11,13,14,22,29,31,34,40,44,47
NEq|x21,x4
NEq|x41,x8
LEq|x0,x25
LEq|x13,x31
NEq|x18,x13
LEq|x7,x42
NEq|x25,x38
LEq|x17,x32
NEq|x9,x45
NEq|x12,x35
NEq|x1,x7
LEq|x22,x32
LEq|x23,x4
LEq|x29,x12
LEq|x41,x9
LEq|x18,x1
NEq|x17,x3
LEq|x15,x10
NEq|x21,x22
NEq|x38,x29
NEq|x27,x32
NEq|x40,x3
NEq|x9,x11
LEq|x29,x35
NEq|x18,x14
NEq|x23,x0
LEq|x37,x35
LEq|x16,x2
NEq|x39,x32
NEq|x45,x32
LEq|x14,x46
NEq|x10,x8
NEq|x26,x3
LEq|x46,x47
LEq|x15,x39
LEq|x13,x41
LEq|x22,x26
NEq|x31,x43
NEq|x37,x31
LEq|x33,x31
NEq|x2,x14
LEq|x4,x35
NEq|x31,x33
LEq|x20,x26
LEq|x35,x32
LEq|x33,x28
LEq|x16,x8
LEq|x22,x29
NEq|x2,x36
LEq|x37,x15
