x0|1,8,17,21,22,23,24,26,43,46,50
x1|2,3,16,36,47,48
x2|3,4,5,7,8,9,10,12,13,14,15,21,29,34,50
x3|2,11,16,17,18,25,36,47,49
x4|2,4,9,11,15,22,29,30,31,33,36,39,42,44
x5|6,8,13,15,22,37,38,39,42,45,49,50
x6|1,5,13,16,29,35,40,43,44
x7|1,3,4,10,19,21,23,34,35,37,39
x8|1,2,14,24,27,29,33,43,49,50
x9|2,5,13,24,35,37,40,43,48,49
x10|2,5,7,10,11,17,20,28,31,32,35,37,41,46,47
x11|2,4,5,13,17,19,22,25,31,40,41,43,44,45,50
x12|3,18,22,26,33,38,41,47,49
x13|1,2,5,7,13,14,30,33
x14|2,5,8,9,10,12,40,45
x15|2,8,13,16,28,29,31,34,36,44,47
x16|1,19,24,29,30,31,38,46
x17|1,4,7,11,16,17,25,27,32,41,45
x18|3,23,27,28,32
x19|1,3,13,16,19,21,28,32,35,41,42,44,50
x20|1,7,8,9,29,33,34,38
x21|1,6,13,25,27,31,35,42,43,46,49,50
x22|5,12,16,17,24,30,38,42,43,46,47
x23|7,11,14,16,20,29,34,46
x24|1,6,20,22,26,30,31,33,34,47,48
x25|1,8,14,23,27,32,36,42,46,50
x26|3,6,9,10,15,17,27,37,38,42,50
x27|8,16,17,19,25,27,28,31,35,48,50
x28|3,6,18,19,27,28,50
x29|3,8,14,18,20,22,23,35,37,44,46
x30|1,5,13,26,28,31,32,35,40,41,45,47
x31|11,20,21,22,23,27,33,36,37,38,39,42,43,45,50
x32|1,2,4,12,24,25,28,29,30,33,36,37,38
x33|3,4,8,16,22,25,29,42,45
x34|2,10,15,16,18,20,24,27,33,36,38,47
x35|1,3,14,15,20,23,29,34,36,39,44,45
x36|3,10,12,13,22,25,32,44,48,50
x37|6,12,16,19,24,26,34,36,39,42,44
x38|3,4,14,16,31,32,35,42,45
x39|1,5,7,8,9,11,13,17,21,26,37,39,40,47
x40|3,8,17,21,23,24,25,27,42,46,50
x41|8,11,16,18,25,28,32,34,42,49,50
x42|2,8,10,14,17,20,25,36,37,49
x43|3,7,8,9,12,14,18,19,31,36,43,48
x44|2,4,7,13,17,21,23,25,30,31,33,34,36,37,39,40
x45|5,8,20,36,41,46,49
x46|1,2,8,16,21,23,25,36,39,44,48
x47|3,18,24,25,37,44,47
x48|2,8,15,20,36,41,49
x49|1,2,4,13,22,23,26,33,34,39,40
NEq|x49,x43
NEq|x27,x37
LEq|x4,x19
NEq|x46,x19
NEq|x30,x41
NEq|x18,x44
LEq|x17,x32
NEq|x29,x23
LEq|x17,x32
LEq|x13,x11
LEq|x4,x38
NEq|x28,x45
LEq|x10,x46
LEq|x4,x39
NEq|x5,x2
NEq|x15,x29
NEq|x14,x2
LEq|x4,x48
LEq|x26,x27
LEq|x14,x37
NEq|x11,x23
LEq|x19,x10
NEq|x32,x29
NEq|x18,x39
NEq|x30,x6
LEq|x34,x31
LEq|x16,x2
LEq|x6,x23
NEq|x42,x22
LEq|x24,x23
NEq|x49,x26
NEq|x4,x6
NEq|x37,x28
NEq|x7,x30
LEq|x33,x2
LEq|x19,x15
LEq|x30,x38
LEq|x2,x13
LEq|x41,x20
LEq|x0,x26
NEq|x22,x29
NEq|x12,x5
LEq|x41,x8
LEq|x17,x21
NEq|x8,x48
LEq|x22,x37
NEq|x46,x2
NEq|x0,x40
NEq|x30,x22
NEq|x19,x2
