x0|9,11,13,14,17,19,24,29,33,36
x1|2,15,16,21,28,29,34,38,42,43
x2|1,10,16,19,21,26,28,31,42
x3|2,5,18,21,35,36,41
x4|1,5,8,21,24,38,39
x5|1,9,13,16,17,22,23,26,27,30,36,38
x6|2,9,10,12,14,18,23,24,28,33,41,43,45
x7|2,3,10,14,17,22,26,34,45
x8|1,6,11,15,16,18,19,31,37
x9|2,10,19,24,25,37,43
x10|3,6,7,8,17,24,25,26,29,36,44,45
x11|1,3,5,11,13,19,30,31,33,40,42
x12|3,5,15,16,27,32,36,42
x13|1,5,8,12,13,19,37,40
x14|1,10,13,16,17,23,24,26,27,29,39,41
x15|8,20,26,28,30,32,33,39,41,43
x16|1,9,12,13,15,23,26,33,38
x17|1,2,11,14,16,25,43,45
x18|4,7,11,16,23,28,32,41
x19|4,10,11,14,16,21,26,33,36,40,41
x20|2,8,10,21,24,30,33,36
x21|5,11,17,18,19,24,34,43,44
x22|5,12,14,15,20,26,32,33,35,44
x23|1,5,10,18,24,28,35,38,42,44
x24|1,5,9,11,12,20,25,30,34
x25|2,8,11,14,18,26,29,36,38,39,42
x26|7,10,13,14,16,25,28,30,34,35,38,42
x27|2,8,10,12,13,16,20,22,27,28,35,45
x28|2,3,4,6,9,22,31,32,33,37,39
x29|1,3,9,21,23,27,33,35,37,40
x30|1,3,5,30,32,34,35,39,40,41
x31|10,13,14,17,20,25,29,34,42,43,44
x32|3,14,18,24,33,36
x33|2,16,17,19,20,26,34,35,43
x34|1,29,30,40,43
x35|2,9,16,19,24,27,28,39,40,41
x36|2,3,10,14,19,31,35,37
x37|3,4,8,9,14,20,22,26,40,41
x38|10,17,19,21,22,32,36,41,43,45
x39|2,3,5,8,9,10,21,22,29,30,35
x40|5,15,17,20,30,33,41
x41|12,13,14,18,20,22,23,24,32,40,42
x42|5,7,10,11,15,16,22,27,29,30,40,41
x43|1,2,3,5,16,20,23,35,38,39,40
x44|1,3,13,33,34,35,45
LEq|x33,x7
LEq|x32,x20
LEq|x9,x40
NEq|x39,x32
LEq|x5,x18
NEq|x39,x8
LEq|x28,x19
NEq|x38,x39
NEq|x15,x8
LEq|x42,x37
LEq|x11,x41
NEq|x29,x35
NEq|x40,x33
NEq|x13,x43
LEq|x12,x31
NEq|x14,x35
NEq|x38,x22
LEq|x4,x19
NEq|x1,x38
NEq|x5,x8
NEq|x28,x43
NEq|x3,x28
NEq|x22,x16
NEq|x37,x4
LEq|x3,x29
NEq|x42,x8
NEq|x31,x28
LEq|x6,x35
LEq|x1,x12
NEq|x42,x23
NEq|x8,x23
LEq|x25,x21
NEq|x22,x40
NEq|x41,x15
NEq|x20,x36
LEq|x38,x13
NEq|x31,x14
LEq|x16,x33
NEq|x40,x36
LEq|x36,x3
NEq|x32,x42
LEq|x20,x10
NEq|x17,x14
NEq|x31,x41
LEq|x26,x33
