x0|6,12,15,19,21,22,24,27,32,33,38,40,43
x1|5,7,9,18,34,36
x2|2,5,8,11,21,22,26,34,41
x3|8,9,13,15,16,18,22,24,25,28,29,33,45
x4|1,6,7,9,12,19,26,37,38,45
x5|3,4,8,18,19,20,31,32
x6|1,7,23,25,26,30,33,38,39,45
x7|2,7,8,22,26,33,35,40
x8|3,14,16,22,24,25,26,29,33,36
x9|2,17,24,32,33,34,40,42,43
x10|2,8,10,16,33,40
x11|4,14,16,20,31,32,34,35,40,42
x12|3,13,14,22,23,34,36,40,42,43
x13|1,3,5,6,11,15,23,29,30,37,40,43
x14|2,6,8,10,12,15,16,18,19,22,27,36,40
x15|2,6,8,11,19,24,25,32,35,41
x16|3,17,19,21,25,28,29,32,33,36,37,43
x17|3,5,6,14,16,23,25,33,39,40
x18|1,4,13,16,20,28,31,32,33
x19|12,13,23,32,33,39,45
x20|13,14,16,26,29,33,34,35,36,39
x21|4,6,7,8,10,11,14,15,30,33,34
x22|30,32,34,38
x23|5,9,14,15,18,20,24,29,32
x24|2,8,13,15,17,25,26,32,34,38,42
x25|1,6,10,12,17,30,34,39,40
x26|1,2,3,7,13,17,20,29,30,38,42,45
x27|3,7,10,13,14,29,32,36,37
x28|9,16,19,23,29,31,32,36,43
x29|1,2,9,12,23,24,28,41,44,45
x30|8,10,12,19,22,26,32,37,39,42
x31|1,7,11,12,21,22,26,30,35,40,41,42
x32|5,9,11,24,30,32,33,35,43,45
x33|2,6,9,10,14,19,22,29,32,39
x34|2,12,20,29,31,36,43
x35|4,5,10,17,25,33,35,41
x36|2,7,33,34,38
x37|3,7,9,12,13,19,27,32,33,38,42
x38|6,9,12,15,20,28,32,37,42,44
x39|3,4,7,8,9,11,15,20,25,27,28,30,34,44,45
x40|3,5,6,20,32,35,45
x41|1,10,11,15,18,24,25,32,42,43
x42|1,4,5,9,12,18,22,23,35,41,42,44
x43|5,12,33,38,44
x44|6,9,11,15,20,24,27,32,38
LEq|x13,x9
NEq|x18,x19
LEq|x19,x29
LEq|x25,x31
NEq|x22,x11
LEq|x33,x14
NEq|x39,x37
LEq|x13,x27
NEq|x25,x14
NEq|x13,x27
LEq|x30,x7
NEq|x14,x38
NEq|x36,x40
LEq|x12,x29
NEq|x37,x39
LEq|x23,x2
LEq|x35,x17
NEq|x26,x10
NEq|x26,x18
NEq|x15,x27
NEq|x37,x8
LEq|x17,x11
LEq|x7,x37
NEq|x3,x40
NEq|x37,x18
NEq|x37,x35
LEq|x18,x38
NEq|x27,x31
NEq|x3,x33
LEq|x17,x18
NEq|x2,x14
NEq|x36,x5
LEq|x42,x33
LEq|x21,x42
LEq|x9,x11
LEq|x44,x14
NEq|x38,x37
NEq|x10,x34
NEq|x28,x33
LEq|x39,x12
LEq|x38,x26
NEq|x7,x12
LEq|x33,x16
NEq|x34,x30
NEq|x36,x26
