x0|5,9,12,13,20,24,28,30,32,37
x1|1,8,9,29,36,37,38,40,42,45
x2|2,12,13,14,16,25,29,39,44
x3|2,3,8,13,14,15,24,38,41,45
x4|1,12,15,17,20,29,30,38,39
x5|3,15,17,18,19,22,38,40
x6|1,6,7,15,17,36,38
x7|1,10,13,15,16,23,25,26,30,31,32,35,40,41
x8|18,20,23,30,31,34,44
x9|2,12,15,17,22,31,33,35
x10|3,5,10,33,44,45
x11|1,13,18,20,28,39,40,43
x12|1,5,7,17,27,31,33,38,39,42,43
x13|3,4,5,7,8,13,14,16,26,41
x14|2,3,5,12,14,15,20,21,22,29,36,40,44
x15|2,4,8,9,16,25,31,36,42,44
x16|6,9,15,16,17,23,25,26,27,29,32,36
x17|1,3,12,22,29,32,38,39,40,42,45
x18|2,3,9,11,26,32,35
x19|1,4,15,19,25,26,40,42
x20|2,5,6,10,13,19,23,26,31,41
x21|1,4,11,12,36,41
x22|2,12,13,15,21,39,42
x23|1,6,14,19,20,24,29,34
x24|1,5,14,22,25,37,38,40,43,44
x25|1,16,19,21,22,30,31,34,39
x26|1,14,15,24,26,32,37,38,43
x27|6,8,11,15,25,26,32,35
x28|10,11,12,20,22,27,33,36,38,42,44,45
x29|9,16,17,18,20,26,30,34,44,45
x30|1,2,17,18,25,31,32,34,38,39
x31|3,4,14,15,16,17,19,30,34,35,43,45
x32|2,3,4,5,17,18,23,25,30,33,43
x33|15,16,24,25,33,41,44
x34|1,3,22,33,34,43,45
x35|10,13,19,21,23,25,27,31,32
x36|2,4,8,12,14,15,26,28,38
x37|4,10,11,17,23,26,32,38,42,45
x38|2,5,11,12,19,20,21,31,32,38,42
x39|1,3,4,5,16,18,20,23,36,42
x40|2,8,9,14,16,19,26,40,44
x41|1,3,8,13,14,18,22,29
x42|5,12,14,17,19,22,24,25,32,34,37,43
x43|4,12,16,18,28,42,44
x44|1,7,8,10,16,17,23,30,35,36,44
LEq|x39,x7
LEq|x10,x0
NEq|x24,x34
NEq|x4,x30
LEq|x36,x35
LEq|x12,x37
LEq|x35,x38
NEq|x42,x6
NEq|x26,x21
NEq|x11,x4
NEq|x2,x39
NEq|x34,x42
LEq|x9,x44
LEq|x31,x25
LEq|x39,x38
NEq|x40,x37
LEq|x7,x25
NEq|x10,x25
NEq|x2,x21
NEq|x32,x21
NEq|x26,x0
LEq|x1,x12
NEq|x5,x23
LEq|x43,x13
LEq|x0,x40
NEq|x35,x42
NEq|x40,x25
LEq|x0,x7
LEq|x28,x10
NEq|x42,x21
NEq|x3,x39
LEq|x0,x14
LEq|x11,x3
LEq|x25,x11
NEq|x32,x12
NEq|x44,x29
NEq|x39,x18
LEq|x15,x16
LEq|x42,x34
LEq|x42,x7
NEq|x18,x32
NEq|x9,x34
LEq|x31,x13
LEq|x2,x27
NEq|x28,x12
