x0|6,9,11,13,15,16,19,25,33,37,41
x1|7,20,32,33,34,36,38,39,44
x2|4,7,19,38,40,42
x3|2,4,8,18,26,34,38,39,43
x4|2,3,6,13,18,19,24,35,39,40,45
x5|1,4,6,9,10,11,20,21,22,25,26,31,36,37
x6|6,9,17,19,28,29,31,34,36,37,42,43,45
x7|1,5,10,13,16,17,18,35,37,40
x8|1,5,11,12,13,20,23,25,29,34,42
x9|1,5,8,9,19,26,33,39,42
x10|8,13,14,22,24,25,32,43
x11|4,9,10,26,28,37,38,40,42,44
x12|15,25,26,30,31,32,36,41,43
x13|1,3,19,24,25,26,27,31,34,41,43,45
x14|1,4,7,16,19,22,39,41,42
x15|2,11,13,15,17,18,19,21,32
x16|1,11,13,15,16,25,28,30,32
x17|4,5,10,33,37,43,44,45
x18|4,8,24,32,35,38
x19|1,8,17,18,22,30,31,32,37,38,40
x20|1,5,9,16,23,25,37,38,40,43
x21|13,17,18,28,29,33,34,38
x22|2,4,6,8,18,19,20,27,31,45
x23|5,9,14,15,18,28,29,32,37,42
x24|3,18,19,21,29,30,31,33,34,39,41,42
x25|2,5,23,25,26,31,33,44
x26|1,20,21,37,41
x27|8,9,14,15,23,25,28,31,33,42
x28|7,16,32,36,43
x29|1,11,15,21,22,23,26,30,41
x30|3,8,10,14,21,28,35,36,42,45
x31|2,8,12,29,32,33,39,41,43
x32|6,13,17,25,27,33,34,37,38,41,45
x33|4,12,35,37,40,43
x34|1,8,14,15,20,21,26,35,41,43,44
x35|4,6,12,19,24,28,29,31,32,37
x36|3,13,16,17,26,33,36,37,39,44
x37|2,8,9,11,19,24,29,32,34,45
x38|4,18,26,33,34,39,40,41
x39|1,3,9,20,27,30,32,38,44
x40|1,3,5,7,9,11,15,26,27,28,34
x41|9,24,29,34,35,38,43
x42|6,15,17,20,23,28,33,40,41,45
x43|1,5,6,12,20,22,26,33,38,39,42
x44|2,8,10,20,22,28,29,43
NEq|x38,x5
LEq|x24,x13
LEq|x29,x13
NEq|x33,x39
LEq|x19,x12
NEq|x42,x29
NEq|x8,x1
NEq|x16,x8
NEq|x26,x43
LEq|x32,x39
LEq|x35,x21
NEq|x5,x38
NEq|x37,x34
NEq|x20,x4
NEq|x3,x40
LEq|x16,x38
NEq|x8,x24
LEq|x42,x17
LEq|x43,x37
NEq|x14,x13
NEq|x21,x32
LEq|x16,x2
LEq|x16,x6
LEq|x9,x22
LEq|x33,x20
NEq|x2,x31
LEq|x12,x44
LEq|x30,x2
LEq|x11,x3
LEq|x25,x9
NEq|x25,x22
LEq|x20,x22
NEq|x37,x44
LEq|x34,x41
LEq|x6,x34
LEq|x25,x2
NEq|x32,x24
NEq|x10,x2
NEq|x15,x23
NEq|x19,x21
LEq|x26,x38
LEq|x11,x28
LEq|x13,x21
NEq|x5,x11
NEq|x24,x4
