x0|1,3,8,23,30,33,35,37,40,41,42
x1|2,3,6,22,29,32,36,37,39,41,42
x2|2,8,16,21,39,43
x3|3,5,17,18,20,24,42,43
x4|2,7,10,12,18,22,24,26,31
x5|5,7,11,16,24,26,28,33,38,39
x6|2,4,5,14,27,28,32,33,36
x7|2,6,9,13,19,20,35,41,44,45
x8|3,6,7,8,10,13,22,23,25,32,36,39,45
x9|3,4,12,13,15,20,25,26,27,34
x10|2,5,8,11,21,25,35,37,41,43
x11|3,6,13,20,22,27,29,34,42
x12|3,9,12,16,17,21,22,32,37
x13|1,4,6,8,14,21,27,28,37,43,44
x14|4,19,20,25,26,29,30,31,32,35,39,41,42
x15|1,7,8,9,21,28,32,33,34,41
x16|2,8,18,19,21,25,29,38,44
x17|1,3,6,14,19,27,38,39,43
x18|1,5,7,11,15,17,18,19,25,35,36,43
x19|7,10,21,24,29,31,33,39,41
x20|3,15,18,26,33,34,37,43
x21|2,7,12,13,32,36,41,45
x22|1,4,9,12,29,30,34,35,36,40,44
x23|1,20,25,28,29,30
x24|2,3,9,11,12,25,29,41,43
x25|4,9,17,24,26,33,40,41
x26|1,10,19,20,21,24,29,40,42,45
x27|2,7,14,18,19,27,41
x28|2,5,13,14,19,21,22,25,27,29,32,37,40,41,43
x29|4,9,17,21,32,40
x30|3,5,9,10,25,30,40
x31|1,3,14,16,17,19,29,33,37,38,43,45
x32|4,5,12,13,14,22,25,32,38,43
x33|1,5,16,18,25,28,29,32,34,35,36,40,42,44
x34|7,9,19,20,27,28,30,35,44
x35|3,12,14,20,31,34,35,43,45
x36|10,11,13,22,28,33,34,44,45
x37|1,7,11,13,21,27,34,39,42,43
x38|3,6,9,13,21,22,34,45
x39|1,4,11,13,29,32,36,37,38,44,45
x40|1,3,7,12,17,26,28,31,33,38
x41|3,4,7,10,13,19,35,37,38,39
x42|1,5,14,18,20,36,42
x43|2,3,5,11,13,16,20,24,27,36,41,42
x44|2,6,7,11,14,19,20,25,26,30,32,39,42
NEq|x30,x9
NEq|x11,x33
NEq|x40,x21
NEq|x42,x12
LEq|x31,x26
NEq|x14,x1
NEq|x1,x31
NEq|x25,x8
NEq|x21,x33
NEq|x18,x6
LEq|x3,x13
NEq|x43,x5
NEq|x34,x40
NEq|x24,x32
NEq|x28,x18
LEq|x35,x0
LEq|x30,x21
LEq|x18,x29
NEq|x22,x29
LEq|x25,x0
NEq|x33,x16
NEq|x1,x5
LEq|x13,x0
LEq|x37,x21
NEq|x40,x43
NEq|x27,x41
NEq|x27,x5
NEq|x12,x7
LEq|x22,x12
NEq|x17,x7
NEq|x9,x5
LEq|x7,x37
LEq|x39,x40
NEq|x11,x7
LEq|x1,x26
LEq|x36,x1
LEq|x43,x30
LEq|x30,x32
LEq|x1,x37
NEq|x16,x40
LEq|x21,x37
NEq|x28,x8
LEq|x30,x23
NEq|x6,x44
NEq|x44,x38
