x0|1,8,12,15,18,24,27,42,43
x1|4,18,25,26,34,35,41,43,44
x2|6,7,9,10,11,21,28,29,33
x3|1,6,11,15,22,23,25,26,34,39,40,41
x4|3,5,11,17,20,21,25,29,32,36,38,39,44
x5|13,15,16,17,19,20,26,29,31,35,36,40
x6|2,8,10,15,19,24,26,27,38,42
x7|2,5,9,11,13,16,17,31,32,35,36,43
x8|4,17,24,27,31,33,40,41
x9|21,22,26,34,42,45
x10|6,7,16,17,28,31,33,34,35,41
x11|2,15,16,26,32,33,35,44
x12|32,35,36,39
x13|2,4,14,15,21,28,36,43
x14|1,3,8,14,28,32,42,45
x15|10,12,24,26,33,43
x16|4,5,7,8,10,12,18,21,27,30,33,45
x17|1,3,5,21,22,31,34,35,37,39,40,45
x18|9,12,17,19,21,23,30,34,44
x19|2,5,11,13,19,35,42
x20|1,3,9,11,16,20,22,23,33,38,40,41,44,45
x21|2,6,10,15,23,28,31,33,41,44
x22|3,4,11,15,36,43
x23|1,7,11,26,27,33,34,35,41,42,44
x24|2,14,15,21,26,36,41,45
x25|10,12,13,26,32,41,42,45
x26|1,13,15,22,25,32,33,36,43
x27|3,7,13,23,30,32,34,43
x28|4,15,17,18,31,37,38,40,41,44
x29|1,2,10,28,30,33,35,38,42
x30|21,27,29,32,35,40,41,45
x31|3,5,6,8,19,33,35,36
x32|3,9,13,19,33,35,36,41,43
x33|7,14,20,26,33,40
x34|5,13,16,18,23,26,29,32,41
x35|6,7,8,9,15,19,23,24,26,28,29,34,44
x36|1,10,11,13,25,28,32,40
x37|2,10,13,15,16,27,33,35,36,40,42,44
x38|2,4,7,8,14,16,17,26,29,32,34,35,37,42
x39|5,8,17,22,26,28,30,33,35,36,39,40
x40|1,10,12,15,23,24,28,30,33,38,41
x41|1,6,23,26,30,32,40,45
x42|4,5,16,17,21,22,23,27,31,33,42,45
x43|1,5,16,24,29,32,39,45
x44|1,8,14,15,20,21,28,31,33,43,44
NEq|x40,x26
LEq|x13,x10
NEq|x29,x25
LEq|x0,x41
LEq|x17,x33
LEq|x22,x23
NEq|x22,x7
LEq|x14,x9
LEq|x41,x18
LEq|x34,x7
LEq|x1,x35
LEq|x28,x25
NEq|x22,x43
NEq|x33,x42
NEq|x11,x15
LEq|x42,x10
LEq|x7,x6
NEq|x25,x40
LEq|x20,x17
NEq|x8,x18
LEq|x11,x7
LEq|x5,x37
LEq|x3,x16
LEq|x25,x29
NEq|x41,x27
NEq|x43,x32
NEq|x8,x13
LEq|x32,x34
LEq|x44,x4
NEq|x39,x32
NEq|x38,x20
LEq|x40,x29
LEq|x41,x2
LEq|x44,x12
NEq|x18,x35
LEq|x43,x12
LEq|x29,x41
LEq|x44,x8
LEq|x6,x21
NEq|x40,x15
NEq|x10,x4
NEq|x1,x33
NEq|x21,x11
NEq|x22,x44
NEq|x29,x41
