x0|1,13,15,18,29,30,31,32,44
x1|3,9,19,30,31,32,34,39,40
x2|1,2,5,8,10,12,21,24,30,34
x3|5,10,11,15,17,18,21,30,31,32,36,37,41
x4|1,6,8,11,15,17,20,24,31,33,39,44,45
x5|1,4,5,6,12,17,19,25,28,30,36
x6|2,5,9,10,20,22,24,33,41
x7|1,2,4,14,16,24,31,35,40,41,42
x8|5,7,8,14,22,27,30,33,37
x9|1,7,10,12,20,41,43,45
x10|2,8,10,11,12,17,21,24,29,33
x11|1,9,14,15,26,27,32,37,43
x12|2,5,7,9,13,30,40
x13|1,5,9,10,12,14,15,25,27,29,33,45
x14|3,8,12,15,18,24,32,35,36
x15|5,17,34,35,38,41
x16|1,2,11,23,24,28,33,39,41,43
x17|4,10,23,25,34,35
x18|2,3,7,8,13,15,18,19,20,22,24,27
x19|1,4,8,10,12,15,16,18,22,25,27,42
x20|2,6,14,16,36,37
x21|3,22,32,37,39,44
x22|3,8,12,14,20,24,28,30,38,43
x23|1,6,7,18,23,27,30,39,45
x24|1,2,3,4,6,11,13,21,24,31,33,36,37,42,45
x25|1,11,17,22,26,28,37,39
x26|5,10,15,20,32,35
x27|3,5,9,12,13,14,17,19,20,28,32,43,45
x28|8,9,10,11,14,16,18,24,35,39,40
x29|8,10,22,28,33,38,39,41
x30|2,3,19,20,31,33,38,40,44
x31|2,9,16,24,28,29,32,33,34,36,45
x32|1,20,25,33,36,37,40,43
x33|1,3,13,16,24,27,33,37,42
x34|3,4,5,16,23,36,38,39,40,41,45
x35|1,4,12,13,15,17,18,20,26,27,28,32,33,35,36,38,41
x36|1,11,15,18,31,34,36,39,43,45
x37|1,6,8,19,24,26,29,32,38,39
x38|9,10,13,18,20,23,31,32,38
x39|9,11,18,22,23,25,33,35,37
x40|2,3,4,8,14,37,40,42,43
x41|4,8,16,18,25,26,32,35,36,41
x42|2,10,15,19,24,26,35,38,42
x43|1,10,14,16,28,33,43
x44|5,17,19,22,28,29,33,34,39,42
NEq|x12,x4
NEq|x1,x43
LEq|x14,x35
LEq|x21,x22
LEq|x37,x4
LEq|x8,x34
LEq|x24,x19
LEq|x25,x41
LEq|x12,x17
NEq|x0,x3
NEq|x15,x38
NEq|x10,x33
LEq|x36,x6
LEq|x34,x16
LEq|x2,x4
LEq|x38,x23
LEq|x44,x34
NEq|x10,x5
NEq|x36,x13
LEq|x29,x17
LEq|x43,x44
NEq|x36,x26
LEq|x3,x41
LEq|x29,x22
LEq|x11,x23
LEq|x40,x27
LEq|x16,x18
NEq|x35,x22
LEq|x8,x36
NEq|x25,x20
LEq|x26,x1
NEq|x20,x17
LEq|x14,x42
NEq|x42,x43
NEq|x44,x1
LEq|x23,x2
LEq|x25,x27
LEq|x4,x22
NEq|x36,x28
NEq|x2,x44
LEq|x37,x41
NEq|x24,x41
LEq|x23,x44
LEq|x30,x21
NEq|x3,x43
