x0|2,3,7,8,9,11,12,13,28,33,37,43,45
x1|7,10,12,21,29,32
x2|3,5,7,8,11,25,30,32,34,40
x3|5,7,12,16,17,18,25,29,34,37,39,42
x4|11,13,14,31,34,38
x5|1,2,10,18,19,26,27,35,40
x6|2,7,8,21,22,26,27,38,42
x7|2,9,18,23,27,29,32,34,38,39,42,43
x8|1,3,5,8,10,12,13,23,26,28,30,43
x9|1,4,8,11,16,17,28,38,39,40
x10|1,2,7,17,18,26,29,34,43,44
x11|1,3,14,22,25,32,35,38,40,44
x12|14,15,18,23,32,45
x13|6,7,18,19,20,27,32,33,43
x14|4,16,23,29,36,37,44,45
x15|1,2,10,11,13,15,40,41,43,45
x16|6,9,10,14,15,18,27,30,34,37
x17|15,17,26,27,32,33,34,40
x18|2,6,10,12,19,27,29,30,31,33,35,41
x19|2,4,26,31,32
x20|2,8,12,14,18,20,25,26,28,31,33,37,41,43
x21|1,2,4,6,9,14,32,34,39,44,45
x22|6,7,8,23,27,32,33,40,41,45
x23|4,5,6,10,15,17,24,27,28,30,31,33,35,42,44
x24|4,9,33,36,39,45
x25|1,2,16,18,22,24,27,34
x26|1,4,7,10,17,20,22,33,40,41
x27|2,4,6,13,23,28,35,39
x28|1,5,8,15,16,23,32,37,38,45
x29|2,8,13,16,31,32,34,35
x30|2,3,12,13,15,20,29,32
x31|5,7,13,14,29,40,41,42
x32|3,5,9,13,22,28,30,31,36,39
x33|2,4,6,7,11,18,32,42,43
x34|1,2,9,13,15,17,34,44
x35|1,3,4,25,34,37,41,44,45
x36|1,6,7,16,18,23,37
x37|3,7,15,16,20,29,36,39,40,42,45
x38|10,13,15,20,32,33,34,35,43
x39|3,4,7,13,19,20,21,40,41,43
x40|14,17,20,23,26,30,35,37,42
x41|1,2,13,16,20,27,33,41,43,44
x42|1,3,9,10,15,20,21,26,31,37,40
x43|2,12,14,16,20,21,22,25,43,45
x44|1,19,22,25,26,28,37,45
NEq|x19,x21
LEq|x1,x7
NEq|x10,x5
LEq|x43,x31
LEq|x3,x2
NEq|x18,x20
NEq|x34,x14
NEq|x15,x12
NEq|x6,x25
LEq|x29,x10
NEq|x23,x13
LEq|x40,x22
NEq|x34,x37
LEq|x29,x32
LEq|x17,x19
NEq|x13,x33
NEq|x14,x0
NEq|x25,x33
LEq|x43,x23
LEq|x3,x26
LEq|x23,x20
LEq|x9,x44
LEq|x34,x13
NEq|x0,x38
NEq|x31,x33
NEq|x20,x12
NEq|x36,x20
LEq|x5,x29
LEq|x18,x26
LEq|x27,x6
LEq|x33,x25
LEq|x31,x40
LEq|x2,x13
LEq|x37,x30
NEq|x44,x13
LEq|x20,x39
LEq|x4,x37
NEq|x5,x4
NEq|x32,x16
LEq|x2,x24
LEq|x43,x39
LEq|x30,x25
NEq|x22,x10
NEq|x0,x25
NEq|x20,x41
