x0|1,6,9,18,32,40
x1|2,10,13,14,17,19,23,24,34,35
x2|3,18,23,28,31,32,33,42,44
x3|3,4,9,12,15,18,34
x4|2,4,6,11,18,31,37,45
x5|7,11,15,25,27,29,33,38,40
x6|11,18,23,25,27,32,33,35,45
x7|2,4,5,9,14,18,25,28,34,42
x8|2,4,8,13,20,27,34,45
x9|4,19,23,24,33,40,42
x10|1,3,4,7,10,11,13,20,27,29,33,45
x11|9,10,20,23,27,28,32,37,43
x12|5,9,12,13,14,22,25,35,39,42
x13|2,3,7,21,29,31,34,36,42,43
x14|1,2,15,22,24,29,34,35,36,39,43
x15|9,11,21,25,28,29,33,37,38
x16|2,3,10,13,24,27,34,37,38,40
x17|1,5,9,16,17,19,22,26,33,36,45
x18|1,9,10,13,16,25,31,36,42
x19|9,12,17,19,23,31,32,37,43,44
x20|14,17,21,25,27,36,40
x21|1,2,4,11,14,17,27,28,38,39,41
x22|11,21,22,33,34,39
x23|1,8,10,11,12,13,16,18,21,24,25,31,32,42
x24|1,3,4,5,10,15,30,34,41
x25|2,13,27,33,39,42,43,45
x26|6,15,30,32,36,38,44
x27|1,3,4,8,17,23,32,33,35,42
x28|2,5,9,11,12,13,15,16,20,23,33,34,35,38,44
x29|4,8,9,10,12,20,27,31,32,33,34,42
x30|9,11,17,32,33,38,44,45
x31|1,5,12,16,19,25,27,29,32,35
x32|1,2,3,16,21,23,31
x33|9,10,11,14,15,16,19,22,29,34,39,41,44
x34|2,3,7,9,10,17,18,21,22,29,37,42
x35|1,3,15,16,23,25,31,34,37
x36|1,3,17,40,42
x37|1,3,4,6,7,9,18,19,20,30,34,41,43
x38|2,6,12,16,25,32,42,44
x39|1,21,24,26,29,31,35,36,38,44,45
x40|5,9,10,16,24,25,34,41,44
x41|3,7,8,15,19,22,23,32,34,38,42,45
x42|3,5,14,18,20,25,33,36,43,44,45
x43|1,4,7,11,16,25,26,30,33,43
x44|11,17,19,20,25,33,40,41
LEq|x20,x23
LEq|x37,x4
LEq|x26,x24
LEq|x29,x26
NEq|x33,x12
NEq|x19,x30
NEq|x44,x25
NEq|x15,x28
NEq|x31,x29
LEq|x23,x30
NEq|x23,x7
NEq|x26,x6
LEq|x28,x26
LEq|x44,x29
NEq|x12,x30
LEq|x43,x6
LEq|x25,x6
NEq|x26,x41
NEq|x11,x30
NEq|x20,x44
NEq|x37,x20
LEq|x0,x28
NEq|x40,x2
NEq|x43,x12
NEq|x3,x15
NEq|x1,x7
LEq|x20,x29
LEq|x40,x43
NEq|x25,x27
LEq|x43,x36
NEq|x42,x13
NEq|x40,x44
NEq|x7,x43
NEq|x25,x11
LEq|x13,x28
NEq|x40,x42
NEq|x18,x31
LEq|x38,x37
LEq|x41,x36
NEq|x15,x1
LEq|x18,x26
LEq|x13,x29
NEq|x44,x2
NEq|x43,x32
LEq|x38,x5
