x0|10,12,14,20,23,24,28,31,32,39,44
x1|1,3,16,21,22,30,34,35,43
x2|1,2,7,11,16,29,35,40,42
x3|1,5,12,15,16,21,23,25,32,41,43
x4|3,7,10,21,24,29,31,33,35,38,39,44,45
x5|2,5,8,9,10,12,13,21,24,26,31,32
x6|2,9,23,26,27,28,29,34,45
x7|11,16,20,25,32,35,45
x8|10,16,17,24,27,31,33,36,44,45
x9|4,8,10,14,21,22,27,36,38,42
x10|2,7,13,25,27,28,34,39
x11|2,12,17,20,35,38,40,44
x12|4,6,7,13,20,28,34,40
x13|2,3,10,17,22,27,36,44
x14|5,8,15,19,21,25,31,32,33,43
x15|5,23,29,33,35,36,40,44
x16|2,3,9,14,21,24,30,31
x17|1,2,3,4,15,16,23,24,35
x18|4,25,27,28,35,36,39,40,43,45
x19|1,5,6,11,12,13,15,16,21,34,38,39,43
x20|9,11,27,28,30,32
x21|1,11,13,16,18,23,36,41,42
x22|3,8,9,12,17,19,21,24,28,33,38,39,43
x23|1,4,6,9,12,18,19,21,35,39
x24|1,9,12,13,15,18,20,22,28,31,32,33,37,41,42
x25|3,5,17,32,44
x26|1,14,26,27,28,32,37,44
x27|2,4,5,7,8,11,16,23,33,37,38,44
x28|5,6,12,21,23,32,36,39
x29|1,5,6,11,18,26,27,34,41
x30|5,6,10,31,32,35,37,41
x31|1,3,29,33,34,38,39,40,42,43
x32|11,12,15,19,22,26,28,33,39,41
x33|3,10,16,17,23,34,38,41,43
x34|3,8,10,12,13,14,20,24,25,39
x35|2,4,6,8,13,16,21,22,27,34,35,37,38,41,42,44
x36|2,7,9,15,23,31,35,44
x37|7,22,30,34,37,38,43,45
x38|1,2,6,13,19,28,41,43
x39|2,13,20,21,30,37,39,45
x40|1,14,17,23,26,28,32,37
x41|3,11,13,14,16,21,23,30,34,38,39,43
x42|3,9,18,21,22,31,40,41,43
x43|1,13,22,25,30,32,40,42,45
x44|12,16,19,21,28,31,33,35,38,39,41,43
LEq|x9,x5
NEq|x25,x24
LEq|x42,x9
NEq|x0,x6
LEq|x5,x4
NEq|x25,x24
NEq|x4,x41
LEq|x22,x16
NEq|x29,x28
NEq|x9,x42
LEq|x28,x43
LEq|x40,x32
NEq|x10,x27
NEq|x41,x32
LEq|x11,x5
LEq|x5,x9
NEq|x7,x22
LEq|x11,x27
LEq|x9,x18
NEq|x21,x4
NEq|x7,x21
LEq|x28,x16
NEq|x29,x15
NEq|x25,x10
NEq|x38,x14
LEq|x43,x4
LEq|x4,x0
LEq|x13,x17
NEq|x9,x29
LEq|x1,x6
NEq|x17,x37
NEq|x27,x19
LEq|x18,x19
LEq|x16,x24
NEq|x17,x31
NEq|x8,x26
LEq|x15,x36
NEq|x31,x1
LEq|x2,x36
LEq|x19,x27
NEq|x17,x1
NEq|x13,x14
LEq|x16,x29
LEq|x41,x10
NEq|x20,x7
