x0|1,9,11,15,21,24,30,37,38,42,45
x1|6,8,15,19,24,32,45
x2|1,2,3,7,10,12,14,16,18,20,35
x3|2,6,7,18,27,40,42,43,44
x4|1,3,13,15,17,21,23,26,34,39,40
x5|3,4,7,8,10,11,15,16,18,30,36
x6|3,4,6,16,22,32,33
x7|4,19,23,25,27,35,39,41
x8|2,3,5,7,9,15,25,26,30,33,42
x9|1,18,28,33,37,38,40,44,45
x10|3,7,8,20,26,32,36,41,43
x11|9,16,17,21,24,28,33,35
x12|3,6,10,13,16,18,25,33,35,39
x13|1,8,12,20,26,27,36,40,41
x14|3,7,9,11,12,20,24,27,29,31,32,36,38,39,42
x15|1,5,8,11,17,20,23,26,34,36,43,44
x16|2,6,9,12,21,23,28,30,31,37,38,39,44
x17|1,8,12,16,25,30,35,36,37,42,43
x18|2,9,10,13,16,25,26,27,28,33,35
x19|1,2,9,13,14,16,18,30,38,39,42
x20|4,5,7,8,9,10,17,21,24,26,40,42
x21|7,9,16,18,21,23,24,27,33,36,45
x22|1,5,6,8,24,33,34,37,39,40,44
x23|1,4,5,8,16,17,26,33,35,37,40,43
x24|1,5,8,23,31,35,38,39,42
x25|9,11,13,17,20,24,33,43
x26|2,6,10,14,19,31,32,36,37
x27|6,15,17,18,29,33,42,43,44
x28|1,5,7,10,13,16,26,30,39,42,45
x29|1,2,5,10,16,22,23
x30|5,15,16,17,23,31,32,34,41,43,45
x31|4,5,6,7,8,10,35,36,37
x32|1,2,3,4,6,8,15,21,29,36,44
x33|5,6,11,14,29,30,33,42
x34|1,2,7,11,12,13,17,18,27,34,39
x35|7,21,30,32,36,41,43,44
x36|2,6,9,15,20,22,27,33,35,38,39,45
x37|1,5,13,16,22,28,32,33,36,41
x38|1,7,13,14,15,18,19,21,32,35
x39|4,10,11,16,21,26,27,32,35,39,40
x40|3,5,8,10,11,14,15,19,23,27,28,33,38
x41|2,3,6,8,12,17,23,26,31,35,37,39,43
x42|2,5,17,18,20,21,23,24,32,38,39,43
x43|1,3,6,7,10,17,19,20,22,27,29,45
x44|1,2,4,17,21,22,25,29,30,33,34,38,39,40
LEq|x7,x25
NEq|x13,x37
LEq|x19,x31
NEq|x14,x6
LEq|x1,x24
LEq|x5,x41
LEq|x5,x2
NEq|x35,x33
LEq|x22,x7
NEq|x26,x12
NEq|x21,x13
LEq|x15,x8
LEq|x12,x38
LEq|x7,x15
NEq|x9,x27
NEq|x13,x0
NEq|x23,x32
LEq|x5,x29
LEq|x21,x32
NEq|x19,x11
LEq|x1,x30
LEq|x17,x34
LEq|x23,x40
NEq|x34,x0
NEq|x12,x6
LEq|x21,x38
LEq|x28,x12
LEq|x39,x41
NEq|x29,x23
LEq|x17,x11
NEq|x9,x37
NEq|x13,x3
LEq|x9,x20
LEq|x0,x13
NEq|x43,x30
LEq|x22,x11
LEq|x30,x27
LEq|x32,x15
NEq|x42,x31
LEq|x13,x33
LEq|x33,x40
NEq|x4,x39
LEq|x9,x42
LEq|x8,x10
NEq|x20,x42
