x0|4,9,20,21,22,28,29,31,33,39,40,44
x1|1,8,13,23,26,27,28,30,34,40
x2|3,7,8,19,20,22,35,36
x3|1,8,25,26,34,44
x4|4,8,18,28,32,34,36,38,40
x5|1,7,18,22,27,40,45
x6|3,8,13,16,18,29,32,34,39,45
x7|15,31,33,34,37,42,44
x8|14,20,28,34,36,37,40,42,44
x9|1,7,12,19,22,26,27,40,42,45
x10|4,6,11,14,21,25,26,30,32,41,42,44
x11|1,3,4,7,15,16,17,18,20,30,34,37,41,45
x12|4,9,12,17,19,27,29,30,33,39,41
x13|2,5,7,9,14,23,27,28,29,40
x14|4,5,9,10,12,15,26,27,30,33,37,38,44
x15|1,2,17,18,19,31,32,36,38
x16|2,11,14,19,27,32,36,42,45
x17|1,5,19,20,23,24,27
x18|6,19,24,26,29,32,36,38,42,45
x19|1,8,14,15,16,19,28,30,31,32,40,44
x20|2,4,5,6,11,19,26,31,32,36,42
x21|1,2,6,8,9,10,20,25,31,32,43
x22|15,17,29,33,38,40,41,45
x23|1,3,15,17,20,23,25,35
x24|7,17,19,20,24,26,35,36,37,43
x25|1,5,9,13,23,26,40,42,43,44
x26|7,9,11,13,14,15,17,18,24,31,41,43,44
x27|1,8,9,10,12,17,21,22,36,41,43,44,45
x28|1,2,14,17,22,27,28,32,38,42,43
x29|2,6,8,13,16,19,40
x30|3,5,17,18,19,20,22,26,37
x31|1,2,3,5,6,15,19,24,29,36,43
x32|1,8,14,15,24,27,33,36,39,41
x33|4,5,21,24,31,34,36
x34|1,6,18,22,25,26,30,35,40,41,42,43
x35|2,6,10,12,13,16,17,24,26,29,33
x36|2,4,8,14,21,23,24,29,36
x37|4,13,21,23,25,31,37,39,43
x38|1,6,11,19,28,32,35,41,42,45
x39|2,5,6,8,15,22,31,32,33,36
x40|2,3,5,11,13,14,21,29,35,39,41
x41|1,7,9,12,27,29,31,44
x42|10,11,21,23,30,33,36,40
x43|2,5,7,14,15,20,21,33,42,43
x44|3,12,15,17,23,25,32,35,37
NEq|x0,x4
NEq|x13,x28
NEq|x17,x10
NEq|x26,x40
NEq|x21,x4
LEq|x32,x7
LEq|x30,x37
LEq|x18,x0
LEq|x38,x20
LEq|x3,x7
NEq|x40,x8
NEq|x36,x41
LEq|x17,x18
NEq|x38,x43
NEq|x8,x14
LEq|x13,x32
LEq|x33,x5
NEq|x13,x11
NEq|x30,x40
NEq|x26,x37
NEq|x7,x6
NEq|x2,x28
NEq|x16,x5
LEq|x25,x12
LEq|x32,x3
NEq|x15,x12
NEq|x39,x35
NEq|x24,x42
NEq|x10,x8
NEq|x25,x1
LEq|x2,x12
NEq|x22,x24
LEq|x3,x38
LEq|x25,x28
NEq|x0,x22
NEq|x1,x36
LEq|x20,x37
LEq|x2,x21
LEq|x26,x19
LEq|x34,x15
LEq|x23,x24
LEq|x1,x6
LEq|x9,x23
LEq|x7,x6
LEq|x0,x22
