x0|2,8,10,15,23,32,34,37,40
x1|6,7,13,15,17,30,32,36,38,40,41
x2|11,17,21,33,38,39,42
x3|1,8,11,12,16,25,27,32,44
x4|1,5,7,8,19,23,26,32,37,41,42
x5|5,9,10,15,32,33,37,39,40
x6|4,11,14,19,22,31,34,37,38,44
x7|5,16,17,22,28,32,42,43,45
x8|4,6,13,19,28,31,34,36,41
x9|24,31,32,33,36,38,39
x10|2,6,7,10,12,15,16,19,22,26,28,30,31,32,36,40
x11|3,6,9,10,18,21,26,27,30,33,43,45
x12|10,11,13,16,18,20,21,25,32,33,38,42
x13|2,17,18,32,33,44
x14|2,5,13,15,20,25,28,31,33,44
x15|1,3,11,15,17,26,28,35,45
x16|1,5,6,13,16,20,24,27,33,43,45
x17|9,13,18,20,24,27,29,33
x18|3,9,10,13,25,27,29,44
x19|1,17,18,29,30,32,33,45
x20|1,8,17,32,39,41,43
x21|3,7,11,16,21,24,29,30,37,39,40,43
x22|1,2,8,12,13,15,19,34,36,42
x23|3,13,14,17,27,28,35,36,45
x24|3,11,12,18,28,30,33,43
x25|6,10,23,32,34,35,36,42,43
x26|1,2,14,24,27,36,39,45
x27|7,9,10,12,19,21,32,36,38,41,42,43,45
x28|1,8,9,10,11,23,27,28,32,39,40,42,44,45
x29|2,7,8,10,11,19,27,28,30,31,35
x30|2,5,10,11,17,23,29,32,33,40
x31|2,11,18,21,29,33,34,42,43,44
x32|5,15,17,21,31,34,35,37,38,40
x33|1,6,10,11,14,19,20,24,40,43
x34|2,17,18,19,37,40,43,44
x35|1,2,4,8,9,13,14,18,20,21,23,33,34,36,37,38
x36|8,9,11,13,17,19,29,34,38,44
x37|1,2,4,10,18,19,26,27,31,37,38
x38|3,8,16,22,26,33,35,43
x39|5,8,12,21,22,25,28,32,33,35,38,44
x40|2,3,11,12,19,24,41,44,45
x41|1,2,3,15,16,24,27,31,32,34,43
x42|2,12,13,23,32,38,40
x43|11,12,32,43,44
x44|1,9,13,19,23,26,29,31,36,42,43,44
NEq|x27,x5
NEq|x31,x33
LEq|x9,x38
NEq|x14,x12
LEq|x18,x39
NEq|x21,x37
NEq|x14,x11
LEq|x3,x4
LEq|x21,x2
LEq|x11,x35
LEq|x12,x10
LEq|x44,x15
NEq|x11,x4
NEq|x35,x43
LEq|x30,x2
LEq|x44,x12
LEq|x35,x30
LEq|x36,x17
LEq|x15,x29
NEq|x9,x31
LEq|x35,x0
LEq|x1,x14
LEq|x41,x42
LEq|x32,x33
NEq|x26,x7
LEq|x4,x33
NEq|x15,x35
NEq|x43,x5
NEq|x41,x1
NEq|x15,x17
NEq|x6,x18
LEq|x11,x2
NEq|x27,x15
LEq|x38,x35
NEq|x12,x32
LEq|x32,x3
LEq|x14,x21
NEq|x8,x26
LEq|x34,x31
LEq|x16,x6
NEq|x17,x12
NEq|x41,x27
NEq|x13,x20
LEq|x5,x13
NEq|x29,x18
