x0|5,10,17,24,31,33,34,35,37,38,40
x1|4,12,20,22,24,29,31,34,36,37,43,45
x2|5,8,10,12,32,39,41
x3|1,3,10,12,14,17,21,23,27,32,35,45
x4|1,2,3,5,8,11,12,15,23,27,36,38,39,43
x5|1,6,15,18,24,26,32,36,37,45
x6|11,15,19,26,30,34,35,37,38
x7|1,4,12,18,19,20,21,23,28,29,32
x8|2,6,9,11,13,21,22,27,30,42,44,45
x9|1,2,4,7,8,10,17,25,29,36,37,38,45
x10|2,4,9,18,23,28,32,38,44
x11|7,9,12,24,26,28,30,31,33,39
x12|2,3,7,15,16,17,21,24,25,31,34,44,45
x13|5,6,28,31,35,37,38,41,43
x14|6,7,9,13,24,30,33,35,44
x15|7,8,9,10,12,18,24,25,37,42,44
x16|4,20,23,24,35,37,40,44,45
x17|3,9,13,15,31,32,36,37
x18|9,13,17,18,21,22,28,29,33,36,43
x19|1,3,4,19,28,29,33,34,35,37,45
x20|9,20,21,27,32,41
x21|2,6,14,15,19,26,27,28,38
x22|2,3,5,9,16,19,22,25,36,41,43
x23|1,2,3,25,34,38,41,42
x24|5,10,11,12,14,16,18,20,25,36,43
x25|2,3,9,12,21,33,37,44
x26|7,12,17,20,24,31,32,35,36,38,42,43,45
x27|13,18,25,32,33,34,38,44
x28|6,12,14,19,20,33,36,37
x29|3,5,12,20,21,25,26,27,28,31
x30|1,3,6,7,8,18,32,33,42,44
x31|2,8,10,25,29,31,32,35
x32|1,2,4,10,11,14,20,28,34,36,38,40
x33|3,18,22,29,30,31
x34|15,20,24,27,29,32,42,45
x35|2,9,12,23,31,33,42,43,45
x36|1,5,19,22,32,35,37
x37|2,4,6,9,12,16,19,25,35,44
x38|2,5,14,17,30,32,33,34,35,43,45
x39|2,12,15,26,29,35,36
x40|1,10,11,26,31,32,35,36,39,41
x41|2,11,12,13,22,24,27,28,35,40
x42|2,3,10,12,13,19,26,29,30,37,38,39,45
x43|4,5,12,20,23,35,43,45
x44|3,11,14,20,24,29,32,34,35,36,38,45
LEq|x0,x15
LEq|x21,x28
NEq|x38,x25
NEq|x9,x5
LEq|x0,x32
LEq|x3,x34
NEq|x22,x31
LEq|x18,x32
LEq|x21,x39
LEq|x38,x6
LEq|x4,x16
NEq|x1,x42
NEq|x10,x41
LEq|x14,x1
LEq|x32,x14
LEq|x33,x12
LEq|x16,x32
NEq|x20,x16
LEq|x24,x38
NEq|x23,x32
NEq|x37,x21
NEq|x44,x43
LEq|x8,x5
NEq|x32,x3
NEq|x11,x15
NEq|x10,x33
LEq|x19,x9
LEq|x9,x44
LEq|x19,x31
LEq|x22,x28
NEq|x29,x16
NEq|x41,x39
LEq|x9,x19
NEq|x34,x31
LEq|x23,x36
NEq|x4,x30
LEq|x25,x29
LEq|x16,x26
NEq|x1,x14
LEq|x33,x8
NEq|x10,x15
NEq|x36,x9
NEq|x11,x2
LEq|x7,x1
NEq|x26,x28
