x0|5,9,12,25,31,34,42
x1|2,5,6,10,15,20,21,28,29,30,40
x2|10,12,19,20,25,27,34,38
x3|5,8,9,10,16,19,22,24,25,38,45
x4|8,9,16,17,22,23,25,32,34,37,42,45
x5|2,5,8,12,13,23,29,32,33,36
x6|2,11,17,33,43,44
x7|1,3,5,10,14,21,32,43
x8|2,3,9,14,20,31,35,36,42,45
x9|1,2,3,12,22,25,30,36,45
x10|1,2,9,17,27,29,30,34,37,44,45
x11|4,9,10,16,22,25,27,29,33,39,42,44
x12|4,7,14,16,18,19,23,24,30,32,34,36,40
x13|9,10,13,15,22,24,32,38
x14|3,9,10,11,15,18,20,21,25,34,42
x15|2,8,9,10,15,27,34,37
x16|2,19,20,21,23,24,33,42
x17|3,6,8,17,28,29,30,36,42
x18|3,5,19,26,28,32,35,39,40,42,43,44
x19|2,7,8,15,23,32,33,34,40,45
x20|2,3,7,10,13,14,16,33,36,41,44,45
x21|3,6,8,13,15,18,24,32,38,41
x22|1,8,9,20,22,23,25,28,29,34,37,42
x23|1,4,6,7,29,30,32,37,39
x24|3,6,8,10,12,16,31,33,34,44
x25|13,23,32,38,43
x26|2,7,14,21,22,23,24,40,42
x27|1,8,9,10,14,15,30,32,36,41,45
x28|1,5,6,11,15,17,18,22,25,44
x29|6,10,16,18,26,28,32,44
x30|2,6,8,20,21,22,29,37
x31|1,11,19,24,27,29,34,36,39,40,42,45
x32|2,12,15,16,17,19,22,25,26,27,32,40,42,43,44
x33|1,5,10,11,16,23,25,26,29,33,34
x34|4,10,12,16,18,21,24,27,30,33,34,39,41
x35|3,4,12,13,17,20,26,27,33,34
x36|6,7,8,9,10,14,17,23,31,32
x37|3,6,16,19,21,25,34,43,44,45
x38|10,20,33,39
x39|5,17,29,30,32,42,45
x40|2,6,18,31,32,33,37,39,43
x41|2,9,17,21,22,30,32,33,36,37,38
x42|1,2,10,15,16,18,21,31,39,43,44
x43|2,8,13,17,18,20,21,37,43
x44|2,8,18,21,25,29,34,38
LEq|x21,x40
LEq|x36,x29
LEq|x15,x39
NEq|x21,x43
NEq|x41,x40
NEq|x17,x13
LEq|x32,x25
NEq|x43,x26
NEq|x11,x5
NEq|x8,x23
NEq|x33,x32
NEq|x40,x4
LEq|x36,x25
LEq|x28,x16
LEq|x2,x34
NEq|x36,x25
NEq|x39,x2
LEq|x43,x29
NEq|x17,x43
NEq|x14,x34
LEq|x6,x25
LEq|x11,x15
LEq|x36,x10
NEq|x37,x21
NEq|x11,x34
NEq|x3,x25
NEq|x37,x16
LEq|x11,x35
LEq|x26,x42
LEq|x21,x31
NEq|x32,x35
NEq|x42,x15
LEq|x2,x43
LEq|x3,x15
NEq|x22,x16
LEq|x24,x17
LEq|x6,x22
NEq|x24,x22
LEq|x34,x32
LEq|x42,x8
NEq|x16,x39
LEq|x23,x12
NEq|x18,x32
NEq|x26,x3
NEq|x32,x27
