x0|5,7,8,11,18,19,21,26,32,33,35,38,42
x1|1,5,11,13,18,22,23,30,31,43,44
x2|2,4,7,14,21,24,28,44
x3|1,3,15,20,22,33,34,35,37,42,43
x4|1,3,5,7,22,23,28
x5|3,4,6,7,12,13,14,32,34,39,40,41
x6|8,12,13,18,27,35
x7|5,12,14,18,22,37,38
x8|1,14,23,26,33,40
x9|6,19,21,23,24,33,37,43,45
x10|1,5,10,30,34,43,45
x11|10,11,20,21,27,32,45
x12|10,13,26,29,33,36,39,41
x13|4,8,10,28,30,32,35,44
x14|1,7,11,16,19,20,23,29,31,37,38,40,42,45
x15|2,3,4,17,18,24,26,30,41
x16|9,10,11,12,13,15,16,22,27,28,35,36,39,42
x17|8,10,14,18,27,33,36,37,38,42
x18|2,5,14,18,19,20,24,25,29,30,39,40,44
x19|3,6,10,16,21,25,26,29,32,42,44,45
x20|10,14,34,38,40,43
x21|4,16,17,18,27,29,33
x22|6,11,13,19,21,25,27,32,42,45
x23|2,6,16,26,27,29,34,37,39,44
x24|1,12,14,16,22,30,32,34,39,40
x25|11,12,13,14,23,32,44
x26|7,12,25,32,36,45
x27|3,5,7,16,19,23,32,34,37,38
x28|4,7,9,13,18,21,22,24,26,29,41,44,45
x29|1,2,7,15,20,21,25,31,34,35,42
x30|3,4,12,13,20,33,34,36,37,40,43
x31|5,11,20,22,30,32,35,40
x32|1,8,14,17,33,36,40,44
x33|2,8,15,16,18,20,29,30,31,37,43
x34|1,5,9,13,18,21,26,33,39,44,45
x35|6,18,21,25,29,32,34,37,45
x36|1,2,5,12,14,19,32,44
x37|2,9,22,33,39,42
x38|5,20,32,37,43,44,45
x39|9,10,15,18,21,31,39,40
x40|2,7,8,11,14,21,31
x41|6,8,21,23,24,25,35,38,40,42
x42|2,3,7,10,11,13,16,22,24,32,35,36,42
x43|2,6,7,9,15,17,23,27,29,31,32,37,42,45
x44|4,9,10,26,29,34,42
NEq|x1,x25
NEq|x28,x25
LEq|x33,x25
LEq|x5,x37
NEq|x4,x14
LEq|x20,x3
NEq|x8,x18
LEq|x13,x34
LEq|x6,x34
LEq|x9,x26
NEq|x21,x28
NEq|x7,x18
NEq|x26,x24
LEq|x29,x10
LEq|x5,x36
NEq|x31,x5
LEq|x29,x36
NEq|x40,x16
LEq|x32,x11
LEq|x19,x27
LEq|x3,x22
LEq|x15,x35
NEq|x29,x22
LEq|x29,x41
NEq|x36,x30
LEq|x21,x37
NEq|x9,x36
NEq|x3,x44
NEq|x25,x16
NEq|x2,x16
NEq|x30,x37
LEq|x5,x35
LEq|x25,x10
NEq|x1,x9
LEq|x1,x26
LEq|x25,x24
LEq|x43,x14
LEq|x20,x17
NEq|x5,x2
NEq|x44,x13
LEq|x22,x6
LEq|x16,x30
NEq|x42,x41
NEq|x33,x42
LEq|x18,x36
